11.6486340563985
11.6417587929549
11.9202934072943
12.1183608288169
12.2640492680035
12.3333856220171
12.3592579471371
12.0723431185817
12.2146963993763
12.2840945229503
12.4393283696667
12.469269130435
12.4531748359506
12.4671770677534
12.7201992317448
13.1974095147426
13.3690270093135
13.3191213239173
13.3426492690441
13.1702632715861
13.2552764909559
13.3533732956535
13.4682718115424
13.5118623001114
13.5829127126631
13.4809118550304
13.3900159897844
13.1844041456105
13.1385586919888
13.2074748641997
13.2986408229375
13.3611683848901
13.2936884687572
13.1679435706546
13.2097898439574
13.2221180190249
13.200487225208
13.233469560013
13.2726670627407
13.3208517548201
13.2944720461339
13.3353787554513
13.3225067230507
13.2519312810461
13.266515861326
13.2748425377475
13.3112422597113
13.2742951841876
13.3149920201986
13.4515054678116
13.6454659103415
13.8333005523575
14.0656512949011
14.1193507571009
14.0497271108304
14.0793633848093
14.1594988052136
14.3759902957198
14.9001770877786
15.5896648643847
15.3975054625569
15.540967475148
16.2730670772638
16.9369925651026
17.1731519069617
17.9624705591468
16.9274808675048
17.0463031632227
17.419034862262
18.1392578342135
19.024156036138
19.2745245655368
20.2658699822652
20.648123775856
19.9636779729164
20.065559086434
20.4074256659789
20.4263854208244
20.8999338154207
21.4072198743688
22.3536178761809
23.0972911361404
23.3974958229888
23.8574700953613
25.0301032714717
25.4445212176297
25.9173250886613
26.9484177023545
27.1034866791707
26.8549633461508
26.6701405126745
28.0711689897957
29.3631707468541
29.6590048259255
30.4171149881958
29.2251005650348
29.5665593181005
29.8385200364377
30.6133444287876
31.0632955173971
32.764804428485
33.8735044543847
33.943717200975
33.7848951185974
34.9435706558254
39.1953026256542
45.2556167080697
42.2698275125154
43.0142499485588
44.7924985643549
46.818417304968
47.581454278713
45.4771653620995
46.5822730027973
47.0340631587396
46.9058225074224
46.6102775018561
46.8008654002238
47.4506953657753
54.0363660512184
60.6603611841427
68.3589953763044
71.4829989384831
65.698862215945
68.115642227341
73.6486069586803
77.0909281444812
85.2565101672754
90.6587414246476
90.0993275881508
91.4994000198107
92.9599288524984
97.8693225881591
107.408193402403
130.103829805939
132.005551819683
137.001731264383
141.757652148934
150.829562264303
179.649383633203
206.485574711712
220.109598668544
132.967444380626
85.8967812046548
107.655487068212
99.2717240698206
93.1039132855623
66.7953789928263
82.4669465087544
93.4931002460256
116.760751209688
119.603738008741
121.430764333398
121.351840367797
128.446226946982
146.582271926679
149.739014407477
133.386775642063
132.555604962846
131.471449199822
137.775723740464
140.177782449596
127.685054998439
111.383312519165
93.5203087172749
104.640853580411
113.867474637221
118.178155822927
107.911129608915
112.077858368351
110.729785453158
114.921807218354
115.182171114519
114.242060114931
115.514041656483
115.828100695648
109.446276508329
110.662011319852
114.74073608872
117.853158329997
117.773089997112
117.33064591734
117.730214690642
118.992733646554
121.412101251543
126.378150642269
129.242620164076
130.373601645584
130.33958576115
126.659631088041
127.932617794576
129.139681292014
127.608749294059
127.742232929812
123.447598238078
119.576755154537
121.013805258573
120.425068378348
120.440463949115
114.044284820367
109.126813319661
100.038142163017
103.576600623596
106.258639910556
107.719490267264
106.944170831102
100.850519637408
99.9152502515941
99.9037271652675
100.328159768816
104.022843925265
105.743200541705
106.964884084268
104.299185409028
102.080746147356
102.061111665041
99.2446033466978
100.092013212067
99.5504673686055
98.7148558117975
93.2815847361957
91.2835539107102
91.0151693414649
89.2128646921288
86.1155650962106
84.5548448912638
77.9217281219972
72.9446343478294
67.1043419311061
67.3504340408849
74.7279485138327
73.8840321144105
77.0612482757925
85.2021623015674
92.493083253714
89.4776868481275
91.904803711772
92.7400123865141
93.2076875969731
91.9956844185193
86.6167645341632
86.0189965196473
87.5263052633504
86.3141626554516
87.1225967225642
88.2652072329196
88.9667243275959
89.8957527173839
91.0733096192676
90.1576366580178
90.8579942907499
93.7042351851057
95.1020607399847
99.9260318625439
98.8192593963739
98.3648662748917
97.7202008213329
97.6866389582841
98.8625117769668
99.1850167587534
99.2190642462019
97.2719492913743
95.8989042185418
95.4224502947392
95.8966830412009
96.3575025307066
97.787303803995
101.409596357379
100.805748682181
100.007209569984
100.59879680596
101.57919818773
104.254520849764
106.114481246238
109.820516906617
112.642619676068
109.866227986817
109.912722553672
112.230082827481
113.111673111491
117.796616483721
119.787092267092
119.94185578102
122.417182881272
129.259059083387
131.859057225966
131.816194449958
131.189712251181
128.879491906627
122.558477796285
122.386794882376
119.802558559517
120.013718175362
120.588528849667
123.909928139535
125.623385426266
129.09588141634
129.599565757918
128.452009127095
126.957434910223
128.117147940115
128.783647899187
129.435731859854
127.946618805871
125.767973958313
125.007142550898
124.817896701945
125.796710069975
125.216918076408
126.761620829713
126.631782304957
127.950843396547
128.130547113302
129.37815792249
128.055835842334
128.552889284142
123.520744473333
115.032622604963
123.32118772884
124.6584042928
124.364978826821
125.626971848766
126.214912526589
127.738353252552
128.85811310218
128.462537560331
129.474827998264
131.245393851263
136.84469744773
139.249208246871
145.028566783769
143.599868746464
149.291548960163
162.716678776997
166.418099976681
174.413863115498
186.888821855094
196.277793207275
193.080870736491
179.808244875663
180.926254552398
184.562567449262
193.642928531022
198.009615626299
200.752399980059
199.992296227006
201.9868707687
203.592124059987
206.054162941259
217.669201173381
235.28776204146
253.222654666061
280.196556995788
310.947434696552
345.537364869287
303.525108559383
328.317960350903
348.276532429698
376.945698048878
409.73429808512
417.123556485659
428.918537437873
464.489979523119
560.226600674296
645.108045571739
529.867662670087
643.983905456115
727.296488976763
813.927444700354
778.543738424878
790.76228132496
835.953451423961
931.875770585654
1003.57488663504
1056.18257615638
1119.79396315635
997.932198359511
984.950477596007
1044.12484749403
1078.54534733627
1033.56335510189
949.903886761928
739.496509367761
735.740178159622
868.327790670653
940.958025162834
915.428845844801
870.242308743766
886.533063118681
873.121066771708
845.881653856713
799.53932294228
695.964735531561
566.383520938774
622.165200677715
677.414366847773
617.367130560399
628.359874044188
640.149111555152
659.218488088613
663.292343292273
719.547254270389
738.091676746859
729.377024845525
720.899229763401
743.560340339072
739.543402780173
755.017688834083
769.700410952635
806.267316365536
824.831192555752
882.629940591438
950.804675619654
897.049911076026
830.694962403799
837.602847978038
838.101201518422
891.357060432984
879.040898110912
835.655734833078
840.751602866931
852.723732520194
849.992570487015
819.393804841073
825.619300663789
834.037322551054
850.891284568659
845.669280336084
841.553305409587
835.642827209087
810.760714603143
822.033517523977
838.355542221673
829.4868381446
804.975025974823
815.927005606658
813.469829474972
823.525535596245
834.528236347508
842.797986912214
832.815932294889
830.275463426078
826.300051160646
794.398153623891
730.841130346329
708.249286255526
695.081288596431
672.879183919181
679.76415576851
649.36916405192
623.131977412251
598.745948609891
614.55733830396
592.031538649459
590.760948732428
582.267786215362
575.631697446782
544.41543152659
510.350929590936
519.962759577579
572.858964454869
525.721076306711
502.012262338178
572.140610257109
580.352903889812
568.25541029166
560.276111005076
561.95535928259
605.498090079636
671.648283581035
661.367573529975
663.715043378616
642.405776631147
621.160448836589
627.047157047918
630.349270097569
627.358638183907
636.733972412637
639.418336345626
634.254972372379
632.994346552954
632.978988927287
627.049105924945
615.273062067439
615.181862293262
598.372865681388
583.421157552943
566.002030178358
566.324145684654
564.235294361646
579.120819028238
579.680369434126
544.780601068956
508.655043983781
499.808022794231
471.544378350037
457.497700511357
475.569686930383
463.57855165971
434.038204905785
443.687360990642
451.067499082508
457.518727160901
455.765928543753
455.275881200361
450.661076727734
410.106322901184
403.923220944392
427.868909657405
417.588305362011
447.219192762268
490.806092034294
516.72000433433
504.277342260236
486.610361313248
491.169488986326
500.616163844365
498.485529328884
493.271118300984
487.45719075607
487.774554033769
464.413496571079
457.352482434178
451.95384318223
436.291266245447
442.591328563391
444.244449263446
453.759068341328
449.050339895892
439.649612462494
434.386200881048
431.594817187398
427.486502026318
436.345120284593
442.403674000746
445.97914001688
450.966111806798
443.947345013352
439.022800056007
438.631853697475
442.756589513974
447.618657960723
447.467934307285
448.874881270151
447.929886085225
445.412914041698
465.277535756729
491.433672202793
508.407799573948
527.980394198166
520.538691705512
557.863161571246
580.027402995552
571.683445797583
570.69284004283
565.332712209814
592.477267401137
617.731413521372
642.765979963697
635.828889608998
664.047020146762
643.533987294914
652.451934772026
656.152408831989
651.849751367419
654.706709543691
649.529288857314
651.384610749717
642.523542896897
621.746475603068
597.123895345924
577.371624342799
567.270334242546
596.196860263092
597.182697706906
608.410949520421
605.867855527073
593.490193408914
591.617765370592
602.16805473911
592.684036706858
588.950352163663
572.768399482888
571.71573247938
585.42666033204
598.050501696814
595.771555371091
622.035744104994
648.168871002859
646.312918319821
645.46515473439
637.237182938077
629.930344350103
636.009982807823
628.205588421328
622.874290857212
623.822331837579
617.841572260352
622.520307075259
631.889714368594
630.330895812933
622.655923993295
622.142574940095
619.868947856213
620.181127649246
624.698020462521
626.689757641157
623.282745954238
621.145836404959
621.642318724056
621.017469978389
610.192564840809
601.587727230921
595.561680427068
594.570207415391
584.737091928078
584.170600372728
575.955527683079
576.758101955537
590.759286103062
590.664251293294
585.356824933102
589.601775733662
585.871405398375
583.692042525925
587.363511061022
592.216222964707
587.935261886394
589.154959849352
585.005193494447
570.190996621681
552.379851777638
521.106218610421
508.614842747415
503.647673527163
505.112204795825
476.596144257232
478.566748205573
494.667757586387
522.086522272465
515.210724623765
505.826597778375
506.827711919533
504.97219661374
508.914587769482
516.242163632785
510.495865598075
508.445192825721
504.952107815117
492.496874735014
481.757745788799
478.462590010994
477.561221346719
482.486584267716
486.464930552307
483.597165400249
483.28769561509
475.105316648612
472.597989081938
480.814067011384
478.493984416845
475.711602626947
477.493016230137
477.566165415962
475.8063171991
470.297717121452
459.82019139272
441.349267252328
407.673628445849
412.805224004716
403.394206691272
401.349969488424
409.673028666526
430.921572043219
414.248101003296
406.718353850135
402.884026856844
394.359595838666
380.168863771296
382.612910396299
386.085189168089
380.570052012045
371.435624153985
348.091808221223
317.497166636973
326.250979695368
331.313238450237
339.366709868064
365.606956553891
364.121031652961
359.039099583658
361.944351366137
377.838519631122
400.372981089222
393.206720886929
386.882991127134
379.711523623314
384.848120244003
388.439331365638
383.06413527037
384.189778162149
384.825916726613
368.762315211875
358.843302903194
350.905361321149
353.291859805162
352.866391261673
353.458740686096
345.82550844374
339.574291952501
342.691630271841
330.397966039286
325.943823492772
327.978191328617
325.915262573288
336.461628503056
342.125266659183
344.938726323468
343.945288844923
349.630315371914
365.506809598377
366.377462360449
394.783313380296
427.381533305324
398.03525736313
387.20273250337
383.785632818395
396.695154872221
382.662360920576
379.216843963327
366.675646922584
354.228119209093
357.044308781752
359.277837506784
375.491344634924
383.160721084743
372.13996477669
371.286072008027
370.116320817059
377.82887433638
376.851864406328
378.820253646406
380.962960378069
378.739796058266
374.300492995754
372.895375882376
374.21581593662
374.242479739826
368.759493915512
353.580365419768
350.204785344046
353.210852609201
352.255169571913
349.772331471141
349.777721796322
349.074541778099
336.681020043328
325.013373282577
315.498725979011
314.403343727444
325.342832067278
324.553927198289
328.770264434604
332.610147224323
329.830876431391
320.696084969144
324.265423481932
319.975556750416
316.640557517629
316.490267942189
314.269371466983
314.837114100047
317.096345572715
315.821313688111
305.111292116904
277.193950701103
273.294803150684
277.482027016391
289.011164694193
291.636831299711
287.190915144505
281.745154571342
275.838908001385
271.229891023827
241.830628505602
198.904623251317
209.446826692126
215.151439127688
203.985873719493
208.262250892139
213.516950597794
212.65112998577
216.04010431223
232.943333241289
231.493166374275
238.973380901078
249.858715311394
282.529235458118
262.994971240968
254.323001062978
234.558638784873
233.839277660553
230.013537164283
220.671293466836
228.335675945606
238.08419456212
228.45311104081
224.57150006557
221.448614629591
226.510891901809
225.590875686425
222.055534939273
219.803741844099
221.932550462266
220.484819218341
232.477988097406
246.731702629805
250.349988344748
235.762323714009
240.013367174854
240.635496304762
239.268101042689
244.373659899302
245.484042512783
242.710693598063
238.144960767915
240.035063959385
239.41031839784
237.924804858563
250.316255198538
252.660051327802
252.128605079838
263.13727035328
275.67898617493
279.998225022167
272.474706125638
273.754299052825
274.559930203144
275.876995438921
282.920369840621
294.046906679674
294.735932103605
295.950785885335
293.108609370322
287.379289381293
287.262221141003
293.283308258889
291.290290796961
275.907985159857
260.323706765488
263.235894523048
261.736708653807
264.677327720979
269.413969833246
259.072748903624
248.480082140536
251.9427365492
250.204575125269
253.04972328015
247.294758907719
247.006337750192
247.118551578473
245.724879498086
249.373458625523
254.452178064895
254.075626314615
256.573076440356
259.007992474463
254.905964074687
250.795285529694
246.786073564472
241.450086317354
238.959947819537
238.598477380678
234.901941646995
223.584994971508
223.51011665512
228.691678576023
226.605488361266
225.166180378673
226.139139100331
226.367450755654
227.846903950041
236.58710533329
236.177905448334
233.945082206785
231.133505773125
222.242864711484
224.170071314233
227.532460031759
227.446293412636
234.377166754938
237.83406817351
237.141823730646
241.535331376767
242.126571679947
237.756199528499
237.066334115163
235.227882347842
241.658370359549
244.604082565454
243.274166665954
243.567931045782
244.099553608396
244.199131826166
239.044739412759
239.626617314874
239.425290655661
239.094602722745
238.602769833189
234.780396708234
236.171494146607
237.747091371452
239.326913993089
241.686585643058
241.756339276691
240.608956127893
239.379654490903
238.958795401236
238.955364514712
238.995921244598
236.632808344198
234.911803598022
230.167269194897
227.732528275969
229.321762159096
228.581124133129
227.59444708722
228.089481137734
227.716759347839
229.025327570471
232.040781065363
231.965220977956
232.543707661216
232.6523777513
232.886847185721
235.152055451509
237.148762718829
243.394455938269
251.681177451707
250.510503999216
249.264774880028
245.585004537186
245.317015169077
246.86131148422
246.382045555746
243.903731992899
243.777456814569
243.913833252205
247.102958290439
250.309254054821
253.939747927554
264.164505028255
261.338014339231
259.026829538145
257.270971047837
258.648986351308
264.667426646445
272.021610951245
269.235359655174
269.84369449491
271.167556785045
282.219609305638
291.554423665236
305.136774527624
294.197042761608
290.610640178148
291.214973082867
284.418566791516
279.566304430647
279.951695538161
277.596334951961
277.342909825021
279.304683925672
277.28057930944
277.351895554814
283.161124346598
288.531225234223
291.040424326951
293.808644592668
294.884214614056
291.628763375436
289.015073734715
286.053100682507
282.386890202251
281.13848757096
284.162732266346
285.715850541543
284.574063065131
280.982534146089
279.402835240267
273.784935784897
264.320990543257
265.224455233089
266.594533584643
268.820131213324
265.814264286733
266.208860953649
266.244951792366
260.502856864173
259.375712593635
255.219664635914
233.005846447642
233.723357850767
234.036120087362
230.426258222841
229.759205484579
220.779072946367
216.188652246334
226.651662595697
226.770288928444
228.862749149886
230.642604762822
229.040431871702
229.676488114732
229.347415728101
229.384813285256
228.520350874619
230.139763105283
232.930889787035
240.498747177752
241.435166798647
244.141707619903
241.201198106222
239.161004131388
241.106117879721
239.9207432935
234.354649414322
231.715817631112
232.161612012973
230.168288127807
231.716225154576
234.134065523921
232.985529293258
232.507877052022
229.389431691356
230.411694359183
231.844077386687
233.616257773405
236.790544085212
235.711337741182
234.632242552495
238.117916290678
238.969608978126
237.910573058582
237.896113914903
238.512109647106
238.957717158019
239.50615595254
239.61257253443
243.547471245269
245.530273151478
244.505882843342
244.946043460965
245.485742594286
246.875734001338
247.566571421741
248.506576911171
251.874577341421
255.084444470414
260.59125678641
269.594351465344
266.922555143291
263.983570723979
268.181754295147
268.344746809725
272.296224406998
277.026591124141
279.931566363725
289.433238698431
284.806430327146
292.450562328223
300.916572330436
309.035926723971
324.663456462007
322.463810597099
317.478371344982
335.131253461127
380.494723926258
443.947656952546
401.200665538324
373.220407409922
384.153111650783
382.730045676615
375.215610460559
365.654123111007
317.462657194055
329.149597997551
335.175984528893
335.240548371075
329.727583109105
323.939512166725
335.492467603456
334.157262483375
331.549128776028
321.215888893941
325.228357887522
324.913045075663
323.974332212776
321.710337905631
323.628429891778
343.657965896879
356.469299124429
357.163909208535
361.560197612539
377.087148161778
368.107668330281
357.489220912235
363.138144872221
361.326386693423
374.861528015822
392.829902787964
392.825776920315
394.976858089265
416.236081785153
417.139565271145
431.917088830888
432.371523123448
434.775887768923
440.091537319821
454.807991752913
455.66975488648
453.959558966277
460.1709943714
462.2764795108
453.425115133442
438.079143115983
439.155165223661
440.725782446845
453.580568201117
454.964939052178
431.353588933328
419.848665330708
425.599803663573
426.756773446021
430.46461636383
427.448382309676
432.980275877771
434.170649485719
430.217757348626
432.140144729527
432.880232323632
430.636226278354
448.187438511473
455.250150635785
450.973646594606
445.645072205994
448.032494710983
447.125179424348
430.463884458623
431.751076763072
404.726565469117
371.919568220348
385.36842982825
383.746359539745
384.8097171813
393.739099270987
414.973517881942
394.820694372426
389.594103479037
396.865767340009
396.827092906644
394.334899708733
395.358408363525
385.125276077245
377.675215618347
379.435398348058
378.965783499196
374.833579270522
374.929552570754
372.810929953919
378.830431481774
387.456369190287
377.852758738001
377.3537021434
376.759205000715
374.812811484812
378.998724256455
379.632002494459
382.047633718764
388.822780304475
398.745196131806
402.96961923732
403.865159568609
414.105597868399
420.041729172383
419.936806664142
429.726620034442
437.379532844378
435.110158580351
426.695629123537
420.635522458848
422.921591759412
423.847443459546
431.913038386683
428.947529684899
436.160354051713
434.034342058479
431.701555257277
421.564731362545
419.36115509228
403.525223035088
403.801840595844
409.447170322786
412.378566752989
411.906415800144
413.645077727721
419.372817835587
413.627253459844
412.684299589846
413.86087905407
415.629589491622
415.459704914412
418.686717491487
413.614373494351
408.33934928768
411.078533724761
410.909527972881
416.125363442116
417.507151504358
416.165929830688
415.665434351548
416.349837108374
420.090777659901
423.58721611737
418.541188813028
413.546410110581
415.779942959598
416.217788123839
419.255233929842
418.779662348147
419.224939299809
421.870529312639
422.044244101539
420.937231344542
421.263169408097
417.391018558281
419.738553578187
421.142366308192
424.734493809968
424.658553758824
424.174230420004
427.163150724544
430.055774814266
428.375208563953
427.905398080614
429.294228011042
437.540761424965
443.447473279145
445.925983504957
446.88091773365
453.266545239748
458.051239255159
463.285990046852
458.287741290609
445.163854627706
450.129917391472
452.163046746589
450.7243144065
446.877687809699
447.198074297815
447.740333395624
447.110356676301
451.723598236106
458.1475172726
458.129573443262
459.217293038845
456.29009297671
453.554146142584
452.46448300842
455.334254829491
455.960973130971
456.508629456479
455.922219788846
453.857315111764
454.752261957008
450.019713571172
441.005583142144
441.709469918757
441.641727727555
441.768383653772
445.073977128248
448.107569962293
450.647792675325
469.98832612256
492.968148947466
523.424892004345
531.146014683857
534.79646865859
533.152478488578
537.973503135202
553.429769221891
573.447625581388
575.51758046911
580.880342301452
580.303121828165
575.513149128208
576.501707161467
576.212202542824
582.590688071437
640.150481913545
686.687626457162
686.599739232062
684.068327253957
735.477381942211
746.544859368944
750.439731486478
753.862110555068
747.037095659587
680.792620825086
649.526635528139
591.631791350795
654.150862791055
670.518365205847
640.808394503119
639.027813764969
648.580247698814
634.647080800096
652.720593406469
674.325164342551
685.416081457298
672.948964070958
668.999353043533
670.832438516247
670.883821137302
641.30434628046
646.510032278797
650.279138332886
646.385932900323
648.388878060402
656.492947269057
662.28468400295
657.319850135599
662.936450510718
663.158865940313
669.1208277261
675.720272288451
669.999776771166
668.288789950478
663.170549989481
659.679626798214
653.210342788229
656.533299680489
655.990762984776
651.834160937954
653.164578817345
655.093728685583
655.739119125092
655.152018227779
635.689039792098
620.256317942498
591.956611698409
550.232302251797
572.738178305632
572.425474681262
575.288764503328
590.334107060413
590.147828475283
587.053261598184
590.8177184945
593.447986194176
587.315387376085
587.224849381145
576.646713010594
569.718866510501
573.119868208144
575.917907205965
575.139907517932
575.47165334762
578.509787364088
581.928489483455
584.533577183387
585.150066457534
582.151810272291
577.244096444927
579.344518808266
574.326066417943
572.668877097442
575.177001504779
577.440388734662
574.240372242921
575.319578008132
577.289738175625
582.119821316803
604.818771100591
607.060705020009
608.524930805753
612.256771863433
622.292415259852
624.40538771078
626.340499859059
622.921719163958
610.51189384082
612.321210989455
614.008052514305
611.00283799499
610.548431254391
609.291106408077
610.185449499301
611.210209222214
610.526721426716
601.41101425898
599.531997853304
600.864883549128
604.252713503441
602.379057239294
606.15221122131
607.25165645795
606.692767486119
608.056196122679
607.834339123269
614.344304659204
612.972534579036
612.503563353638
611.004079001742
612.884502043611
613.286755507343
615.884071244419
618.392006052136
617.06662844007
617.374123178244
632.434771294696
639.61593632021
638.644228405479
637.855127820018
639.992643878858
640.269682444446
639.026118523522
637.667478675631
632.535220144498
629.608097676856
631.873838373262
642.340178589347
654.590467573727
651.398495113523
655.307479226239
665.07516254731
681.686426768129
686.060932824084
705.81553716891
704.078475105208
699.732986215952
721.75897109279
726.849408138368
724.564521800176
699.437996436407
703.141842041583
709.128733887032
705.277155220075
707.611474162099
725.465008053052
715.662918783389
716.146188539116
709.924906206938
698.363926514425
703.326630047503
711.911275466227
725.099877130278
743.817119443567
743.822302794584
749.780578894506
741.904640869427
735.440971386019
743.210284517268
744.306609096283
739.536232093717
736.668241833115
735.748289351351
733.735909543199
736.299008087222
734.048102509379
739.682732162709
749.175848177919
768.583621500992
765.640487315361
765.081308646306
756.764645414805
757.930946066004
762.586361177256
768.6090739222
770.581909085653
774.92328312011
769.136863426289
776.203866531933
779.644644166792
778.138298406587
777.803886924791
780.387017362577
789.219250941313
789.045562370901
791.275796299922
792.499409024522
814.428086138236
858.672700375052
900.050938231845
903.323577816631
877.006726224548
901.563332972462
918.756534305862
955.846730995083
968.456518431302
952.93313695012
955.922026682112
975.379482362928
1015.56706417938
1021.92440560159
1081.44833477469
1046.9839041407
932.579435444541
871.352367228837
913.441310454618
894.378148132329
906.561179649328
844.724823428878
785.775879360425
808.386601645168
827.850595968932
818.776514001416
828.985256604229
876.269562342946
886.010937758932
894.028636782035
896.219616367632
918.254748539618
922.863816087352
921.106643182928
908.811303494152
897.734963196407
907.729616273089
918.070386442016
919.615028963243
919.921986113064
919.397164917262
941.968642689317
972.213419385439
992.426250049018
1012.72723222255
1017.89587523642
1021.04358431258
1022.63588499797
1042.07215235005
1054.00239950663
1021.67817956691
977.683455288863
1007.3030817846
1004.78632572304
999.051522560451
1007.69957724186
1011.02874757299
1027.44879722092
1046.1560817463
1060.5297703002
1053.55112788703
1057.62317020521
1098.99063627598
1118.81214729693
1143.36436894982
1178.82292761212
1164.84590122549
1160.79296692742
1182.76347540885
1190.73286130868
1204.02668081154
1236.93348906384
1271.34982161558
1271.39313662064
1262.05826575753
1273.63601643254
1252.32912640228
1196.90483468296
1175.55696930524
1203.5814067635
1171.98551537243
1198.09779513302
1231.99823222056
1241.42137472098
1250.49597822245
1221.80315416843
1134.82151815434
1040.43591306804
1019.41057036152
1042.8687273276
1090.67326165733
1062.29073223282
1046.11984603697
999.073481956828
934.998764898947
974.293067579205
1003.93196508407
1039.35297915755
1032.92513825655
1030.4410875409
1053.97714579835
1081.5162137457
1087.09225147175
1131.35570441148
1143.56890025042
1131.06718407276
1165.17641600781
1188.25889825096
1185.34464238164
1193.41674087928
1207.41675241867
1213.98221980364
1219.15210528072
1192.11205937514
1186.62819287979
1187.94410771279
1185.92568388343
1191.4385941195
1213.75340971109
1214.56591824234
1230.82098539449
1253.9052786159
1250.08592574922
1252.60068332187
1254.98632688317
1272.44804166301
1297.92132313704
1323.92593558548
1329.86781829511
1334.70043882101
1334.40842310076
1388.33917873354
1441.30862837807
1468.57145593218
1535.04683285924
1551.27117500194
1542.32030436756
1544.5281618935
1602.89218067105
1706.37536246194
1735.40235088309
1812.76517111558
1771.55467069648
1708.88896498789
1781.41046020957
1733.2939187891
1724.07959496333
1799.27891103054
1842.99984490043
1927.7989991237
1985.93630202243
2037.68869092514
2139.72357659919
2212.99441546428
2370.58419147957
2567.23448022775
2398.8555496323
2090.43164033351
2180.56424067235
2230.06706341869
2279.79595903506
2249.84486817769
2387.94855460368
2426.31147730888
2506.63752799735
2522.65984754243
2599.95743564173
2823.10783096022
2808.62024902706
2748.83104296503
2818.87325831963
2852.0998713131
2908.65503832528
2814.41561853657
2731.55752648982
2679.84837363158
2412.98867889651
2490.6008988811
2585.80771975791
2596.29032965918
2591.50497509364
2674.59710999598
2724.99312846005
2708.80366624774
2738.31208432541
2685.05029015563
2610.46341223157
2500.99527312624
2441.54435767097
2544.72019007639
2570.19773146364
2538.23422301805
2479.26762289927
2453.29377906655
2538.84427334272
2608.12569467939
2635.6372714502
2606.26082780148
2556.44509200989
2532.35514180245
2555.50517394982
2476.26649267756
2366.63596524929
2359.96952893255
2380.88266118111
2294.04563942259
2092.46824374641
1956.44263225142
2069.55207014273
2282.22999475804
2324.18114908217
2495.68519124972
2709.42525073148
2772.18081045974
2764.6905765141
2751.01008842255
2633.92363859053
2519.9098423212
2583.74677059113
2743.61690370082
2724.36100081977
2697.24658929764
2767.91066829598
2775.18374738614
2719.68392095698
2747.61611699928
2828.7603160374
3147.13161003695
3230.63305787333
3305.2112766339
3421.95641976856
3354.05928209671
3413.14213611586
3528.92585423436
3782.75041152396
4044.53995039408
4196.78366359484
4206.29957752156
4194.70531865157
4374.80629100207
4267.39414040732
4136.16589992355
4148.02965141017
4087.13931924807
3981.51406832036
4183.22529071714
4236.45356594481
4382.38408887059
4347.39439632807
4369.04261084365
4343.95943546929
4494.43711931778
4603.53806600546
4689.90606120146
4816.73265960201
4716.671550562
4627.98377682974
4441.60616478254
4331.90365218671
4589.85004622017
4628.60528295645
4528.176639173
4358.06737336223
4258.57910240637
4271.21146788889
4297.39843430481
3997.29913011071
3674.71985584772
3465.15891669192
3761.30715705714
3697.02997814522
3980.72088192313
3991.19605115376
3960.29020851639
3820.77598547761
3648.25654335157
3726.6184381063
3705.50656031339
3831.25912474677
3926.39851505418
4041.84546593404
4194.08382355663
4146.85416037246
4278.98101189381
4315.90844740881
4411.00413932312
4319.34136374946
4252.83523331244
4258.73518836085
4357.28156198931
4351.1225116711
4495.80912701844
4642.57722834385
4810.52738976141
4784.86924910608
5103.56925514788
5595.98800206553
5648.19384602436
5602.54046606352
5654.45655482619
5616.88043020762
5407.69503210157
5639.43129817771
5775.01007819446
6058.60233652254
5914.17250645581
5880.39227742328
5661.71454489391
5550.53912247788
5820.92868289726
5823.08019298594
5753.30669453507
5867.67244526265
6099.04966475096
6226.43678871592
6497.00889154176
6959.61042442461
7225.25833381011
7237.99068709941
7447.96901304233
7242.52844874979
7109.74855200626
7362.43308758003
7242.26513177067
6947.57592532345
6544.37584783096
6107.61569914548
6352.72112375614
6599.13643072336
7043.71315349245
7460.35238350214
7812.83199006953
7687.19952732676
7807.45382250724