4412.5906259645
698.593943804215
3820.777971
2876.648633869
8279.4619608036
31146.34
537.386388623148
89.999960512
37273.3599623413
11997.6862467146
3280.213433082
219.798091206
9057.57146
8668.47595114
23064.7999153426
22753.6092816671
8665.2507239049
3562.48525366081
10172.7058659405
22581.860176
14213.5224915465
26084.4793513952
0.0099186954
16595.880528459
3294.2533115
1074.57992779352
589.740066391
322.5584
1938.9011679552
7552.2631462
237.699046816
0.0099186831
288.0635161499
1603.3454219781
1830.256692201
2323.834876912
1907.171597268
8221.549719933
118.805349564
1440.226146096
15582.3909560189
14619.508873874
8748.654263651
382.6790671636
460.80292
3083.913992616
3664.296965728
8032.37732884723
15836.5693932866
806.3099175023
1380.410493072
2945.829967368
714.949943715
2686.69686827
960.9323619384
59.7022582
3363.9648465523
2970.3603072159
41857.73636439
5619.35661765
4308.609130487
41.030061609
966.16856809
603.526122667
2677.30347603988
4226.01899835681
1913.7299894923
15418.32194757
4003.18371761
1542.081572811
9841.870125104
7245.3167451204
8186.36994521803
1130.0534
131.265488
403.3855175023
80500.2426322059
6365.2507264302
1127.699483437
123.73971643
7649.444688067
20596.224
149.6199680807
138.1996159463
2812.550911724
241.2676202523
38.9718409374
134.13647115
1406.28901958
3716.926998302
42584.0790031623
15922.325
13805.1746
11829.7940301516
65011.9618
249.97161
2418.24
806.08
103.98561
0.0099167643
110.493716568
161
399.0024628443
520.569787563
0.1994640234
969.027008562
7459.3471390095
1247.552657156
437.7763254376
19.959996981834
10828.8553493673
193.449204608
60.5675488149756
119.6999608175
7556.3315370319
10479.3
7273.57103885
21995.4811923758
10861.4392666
1242.0944250192
1009.6861678811
1113.324992574
600.293904
206.1603733584
6061.02480648
2439.7579198989
49.9232933829
7429.089574227
7303.7579872004
241.9674
1588.2670543005
161.18
361.685649504
168.106665024
274.9422591695
1836.430407
512.934341921352
2547.18414628
1687.207778699
1692.117
363.0307512884
9537.165596
304.9591602
551.114404174
0.0099102084
344.824887
1935.9527763024
1039.313763
0.9663552
500.10871
8218.22983
93.46352
1123.435619572
4731.87960560578
543.2734324288
69.5329586
12.8642396778
443.146
1273.821727833
2780.21843392
3581.5710412464
1701.1358546583
6554.9657151026
0.1496199756
167.924336213
468.214545894
513.87008
1750.6941232935
0.0099102084
0.1994933008
12394.9819652892
41301.4214848002
2203.192117376
5462.5108845
428.938040843154
98.566930122
5732.58639213667
4028.4425
5855.9350668
960.46665620448
682.917682923
1024.95042
1643.2062980497
96.7416533008
7398.149059784
12941.5278875
1973.2800543901
24.991882494704
1492.169364
1073.3432972084
4697.70846667
4105.0305403432
1611.207
974.31298497
654.846644
1310.6045034
1713.7423969316
3132.31066708931
16087.7055187184
20.7328086994
7624.91764278052
0.1994933008
40.4633711524
1831.424150502
3320.205398368
1128.365
402.9875
2143.574749941
132.929423007459
989.5501450084
4403.59966557
79698.8158171302
1384.48879876
16109.9994933008
13850.1514331839
3167.9173759653
0.0597835336
6747.5312615
2004.8975102084
7722.95123205
2045.6164637
747.414171
8210.15433
1354.76311575
25719.509333974
191.868362392
498.7388043444
8404.2080377977
7748.077212335
5352.696876165
80.556
4532.8486455963
4206.480271
6813.589339548
5743.06674646
14206.312335315
6028.8270399586
9050.9454542673
11354.6409742
8169.441225003
10209.99368075
2030.09089208486
563.9742
1634.31393393
2918.3506872444
3496.699175368
6002.7695878622
458.646580284
1270.145382179
113.57127
641.0214114894
40963.402116104
1893.868001284
37.8816671142
14896.4055
15913.9253095957
52167.922874204
8716.649658
229.548405
24.993242057
670.870096777488
2384.1119591754
57.47577894
0.0099068382
248.944732876
803.225904865
1142.042081076
6569.74290785405
118.896754604238
37953.52988347
3491.7789488022
9592.148085508
953.503470388
319.5605127
2648.2399656994
807.3379563202
44940.7774607472
7137.57619354
6892.098738
4187.2948
3538.20518725093
28205.8675606
3286.4833834132
168.20429258
135.40464
4618.750922352
828.99375968
0.1994254584
10701.7196442322
48522.692974386
3626.73
1041.36586
241.812
40691.1295371018
0.0099068259
20719.78447144
8709.062676
806.168883596
36.8343638502
5370.5798116361
80.607
5558.6676
646.152253193609
25.3065630276
134.107381493361
9.984965298
24.999973614
4213.760142311
64408.858418966
575.8668184584
0.0099068382
0.1994254584
564.7480908216
353.02078175
4139.3936782795
3196.7741401854
3402.480530068
0.0099068382
483.4666
362.956956
25188.524204772
80.5943
1719.619712844
7670.8281512779
387.566850814
0.0099068382
701.9683343374
3146.5503118189
933.161354818
3.0771993
617.5421091072
806.68
52.139650574231
39469.355875156
37.592980875233
114.8430280877
8558.5409648382
62710.2524585474
20376.8522459113
2322.5908893144
0.0598437462
282.275
8394.827281734
1714.3894737322
0.0099068382
10505.9949621126
8800.2172575
80.65
207.8905252788
364.330073977299
498.20289045
100.0098628161
27425.76
2491.8080324596
13323.8135465353
2951.2226361224
5083.617662464
2457.923814752
80.6137068382
12991.926062871
5049.93611408
2217.8409414252
9355.6668
15600.0681480135
81373.2268487442
782.402
927.6800039037
4089.0161454584
70.35986713
49.892544
0.0099068382
3592.6489132562
9035.148
123.7191067346
32.2664
2071.8097568382
333.96450268
379.102
2198.88819
2115.73803
2396.70014
215.7164527462
2650.09644727509
6870.57637284
241.799997
50.0098622382
3739.7517333717
313.8774549
32.264
24.9999777
2725.37872842
332.4828529932
574.1342983654
6476.43965268
7989.19685758
15926.599356721
49.8700087506
80.7293840584
583.3828
149.6357837352
6308.72559196
2673.90327866
1022.6522
1378.0797024495
1096.585161576
979.8109359093
1733.316993042
1723.60089932
504.984174261
91.7699469204
229.4199685008
6426.3110599464
15708.5415168444
505.976742096
0.1994254584
0.0099068382
18189.7880186234
48.094298154
806.818884496
772.661126
1774.7279068382
3120.5286269262
369.156110544
2633.41003422
551.87305335
806.7798437462
2981.712966
0.2093322966
798.92
880.190565188
107.697464812
111.88455