5905.21909955971
5796.4553098472
5796.41898162491
5962.90423345594
5930.62752196475
5933.00558796176
5997.61487994449
6039.26616911489
6199.19065422818
6285.0393113007
6264.85920640878
6284.60483360798
6354.18575244419
6409.59334323031
6516.48324173522
6570.98107802679
6714.18560570333
6557.98925568696
6595.27991471604
6564.92710122196
6475.11959597902
6375.7602892715
6439.30010954177
6433.02708294645
6528.14162890697
6483.9275929745
6507.87623965157
6603.09754292609
6665.77385052517
6652.97670808736
6699.61364022108
6667.80005390492
6590.21516835519
6622.54403552225
6620.74646492672
6558.02960339939
6566.43932871396
6618.6647259932
6558.9045982669
6506.65060748558
6516.85406257667
6561.4380751885
6571.71369947278
6558.34422477181
6598.51984804256
6579.18160038801
6591.70616907431
6636.08003164089
6619.04091392651
6610.23304317806
6594.63918087971
6712.1504554662
6767.06331485434
6863.59078215563
6870.41414042428
6836.67836205573
6856.11611070636
6861.05809146551
6931.06731982724
6937.40485768984
6957.21908154689
6932.54902228788
7013.03138704774
7143.90263164736
7160.12880703005
7194.7955585477
7229.5021300346
7200.16160275023
7193.35845794282
7159.92425555515
7195.98814171489
7271.51731612518
7266.59662061042
7257.70242619864
7238.87165341158
7256.5854515315
7187.22657502834
7174.86242967286
7204.88005725979
7228.4462667931
7210.69182391804
7255.06938135363
7295.30783049131
7401.20699036578
7446.22998238263
7493.39612711453
7449.38299863969
7465.109780704
7427.46916219671
7436.47672248355
7463.84734295109
7459.46669665802
7565.00452477802
7703.47504337127
7731.44810363997
7702.53776234885
7786.85668519445
7820.62212486478
7804.90421273184
7887.93054254487
7924.66627315479
7837.42908391083
7912.31348902112
7877.4174692514
7862.39140468836
7868.48306942437
7676.08896599381
7652.47595807461
7760.03186974332
7814.34313075525
7840.40713705354
7830.5317913031
7810.59868766708
7848.30788191636
7920.02416315293
7893.77957175264
7833.17281838601
7822.5345522908
7794.60785606606
7715.8365602215
7658.53549739208
7748.09364669795
7717.96634120597
7609.03577978714
7577.84145409637
7495.82941914352
7583.87789364299
7640.04164354144
7707.56643404257
7642.17136873484
7645.47315105856
7748.80744051857
7756.91961698224
7729.19204556076
7720.69892123261
7727.75644041035
7686.33804783349
7679.83576335113
7664.1489791439
7664.18430685271
7700.09383930538
7738.75238883717
7730.56586019499
7730.14768456875
7782.50871283015
7776.97338848638
7764.04793546773
7760.97353292627
7757.64741509022
7775.53651175765
7768.73202538696
7768.9911588265
7752.09808690161
7741.77717993846
7687.02945491467
7701.77259510589
7750.87187194718
7750.09953761727
7754.04548919506
7719.90359997301
7728.26255267655
7767.92964010579
7732.82031169736
7750.67223193874
7845.70712939376
7959.89619439203
7948.7100302511