362462.59392827
305736.481505909
890889.369285068
293882.776683593
282052.383431954
346521.778899423
533744.669812658
529680.444319375
471089.085716502
424539.04320968
382201.975968402
245556.560036354
226639.607837307
465128.588323349
954213.325319888
499210.795225827
733602.610394755
578612.06316477
214363.172504636
421766.511110113
479558.697810644
452972.359345165
620352.361402394
441184.205845427
1072901.52663753
246793.453521962
622536.083501707
973591.2675532
404891.930992956
656516.09016381
566375.74135655
426531.823138594
255298.754969007
350587.727857054
270081.764738584
218149.660753504
260878.510583758
339741.188304913
426897.926585527
383834.763238459
194492.687888982
253572.433651494
435926.151199209
287030.283024223
319255.550311297
488811.848935415
377440.626159987
197850.586840725
454767.358259451
739171.194162865
524974.515207195
868431.451226461
640999.027981384
435079.901408018
589901.5530922
414073.090594122
851902.051136293
806416.022690643
1159001.91710827
1054385.98887999
608936.79540389
487811.851820742
1248201.93479751
1204579.98313724
1026961.30278833
3534290.3441471
1514289.12176707
686465.759889383
538522.761657524
1239632.6678856
1917795.24238917
1010523.78695742
2301693.61254322
1209020.47509385
1754579.99051413
824094.741547466
1222019.80386816
715737.422203328
1280324.1442218
1649655.03186592
1224884.24654531
1012489.64914589
1446524.3296693
887337.166201963
2222679.47966945
2571051.79305932
4073467.86883677
1539013.89746806
680945.388903004
2300377.73816954
919829.402132482
3244201.87305877
1290396.478969
1204373.80164
2382244.17369566
2386036.23628282
803920.072722864
920932.261955487
1596617.67092785
1232853.52073005
4478991.50652891
1598243.39397266
1404365.84991224
528338.637084476
2114053.00137373
3890562.18007392
6530320.22651823
7427526.83362064
2364979.61240358
2338691.687924
1951918.35524043
2391985.05144386
8948801.62017925
2844550.81704624
2193423.74916217
1199472.5833497
995642.153562212
881074.47273378
3885234.31179526
7371424.51604388
6877549.91975444
7950399.71183346
6165936.32465639
10453166.8795312
3463327.8734222
6917269.07892398
5322638.20158524
7356470.03938377
14770202.3904424
8916749.02415088
4145189.48862283
2546832.67055873
11546905.0381076
12030525.7555827
26695144.8232104
14935521.7819155
12846836.7233338
4493562.64670108
12516070.2823736
28211675.574633
29649448.1419539
43705144.6660146
33757166.0970113
61035903.6830397
35253716.6429501
20570251.6275889
27295528.5980893
46648077.5613941
36764728.923276
21232832.2613841
40056661.7762892
12132236.2848841
17626905.8189922
9691235.32880387
20853421.2065451
45558156.114151
35081260.3175965
22516386.6276314
10934185.9439588
6000342.80092186
14331019.7337701
13208339.5318443
30207415.5680779
34080554.5333967
31140076.1433507
19961484.4202215
13261814.8075239
23129017.1212971
19993935.7132986
9826177.34297764
4680360.21452327
12302683.4347665
4586922.8923759
3430044.95933794
4211284.5879556
13528463.9348155
16718271.0621647
7185269.10305521
12336031.0047948
3916222.65447155
3626397.09448655
3099494.38419837
2804232.56523143
3959417.83322127
4958684.25446728
10020559.0216298
3678414.04783063
4427672.77815885
8219818.68135885
4177944.89233184
4726496.52973065
5568640.58675094
3472015.05798209
1618935.60913315
16657760.0597669
5791954.76637064
4536998.32049434
3221790.89695907
3322447.49413171
11514415.6688467
3292017.2089724
21009038.8501848
9866126.60614419
3119373.04320791
3766567.43660168
5223855.59241024
5865841.48408403
3254497.61191389
1502632.5191503
2363873.38858353
9179904.06999038
3248968.80442868
6907521.99932099
6874364.71057212
1826781.43544404
1907383.92845851
4965561.42148764
11240342.8983172
2195879.38017193
2345171.34256079
7675689.90506711
3145495.11427496
1380868.85943103
8620246.1381486
4457449.20978549
9414141.82057068
8412150.37102768
11001089.0068293
5317873.84640347
4216832.13213815
7365743.59164622
4672057.46518295
8687093.08621623
5852001.29659498
15576595.2407966
4677311.98482368
2087033.16490123
5633648.360009
2934330.67651042
2831819.18728475
8484980.4398153
3936646.51007498
1517426.63546351
1362454.03457872
1758017.12577745
4057952.2082841
2528102.50735965
3731584.67716511
2098024.42345294
2081218.71479756
5467912.91182617
4072182.54864018
4777875.70061901
7856067.10433284
2958522.32218468
5285514.79608704
1727226.31505047
1231592.17758254
3245806.26039993
2788839.63993983
1794364.16049258
4815913.1820382
3006040.81811754
971326.069700653
1338717.10591276
3344392.76119694
3828229.32559916
8740932.57780344
3109745.55059845
2732419.2326293
2283448.14423893
1587732.64239632
9504441.69592067
4755559.34804438
7994821.77097335
3895506.27539864
4259783.54891548
2049478.80914026
2966656.17120047
3331871.00667128
10899004.8026583
3556604.65287954
2762484.09206064
10226445.3247345
9332524.2996757
3730754.33456034
3711824.73963179
4656542.19050918
8420057.2714516
7287588.38392186
5956123.9969965
3629552.61164824
2163835.8672697
7859765.26185137
3190049.49452936
8464088.7132595
5235817.7607876
4684980.05681838
3171258.45660745
2183062.33484164
3083399.7648585
2934570.26685648
3846346.80881395
5115249.83441528
3801541.22755185
1539197.61773703
1461349.74051409
2249877.76469558
3124320.01361512
2876842.55871072
2204596.16850685
6004397.14987812
3237610.26333701
4246375.15089263
4207469.28636099
2881646.68636226
27050986.719365
9631087.424091
5408764.46949406
1413072.56853806
1320085.62722352
3401141.76892405
3609078.08909718
6253067.92187818
4045893.62203482
2609056.09942494
2807493.0509394
5367994.33326637
10283605.665665
7700068.0261227
14392662.7610989
6878257.87160849
11482069.6211988
21933494.8462446
4241353.80642617
14398185.2181875
20643517.8926338
18888072.4939085
41510145.3084156
15708669.6684748
7738318.92533252
7342953.49270354
6891708.47063803
7894296.11586341
12679345.2982801
5919484.57097078
3257715.95221529
3786599.20206421
7804307.34147449
15243042.333026
30847966.8907452
31107278.269162
55458627.6429375
39981000.8339864
50799296.6213647
64347437.1565995
24089472.2103597
24890124.3959457
41320192.0972771
38971672.8975946
39985487.0349219
25213012.7293697
36630857.1330857
99745699.8914406
157406238.340958
125482739.747217
77813927.9245037
66961723.5764175
61060509.400157
61551049.9839525
58864578.5687228
81539202.5284053
98467469.0352626
124618010.908542
104596084.814045
52375254.0916195
217981230.77718
106150124.227116
54234638.366702
55541297.4798908
187211900.672573
193013632.315549
227901342.774579
73054518.4406777
91409632.4124475
71439059.6020784
80806795.8655429
37589999.917467
51227549.6494912
25528069.9533999
42086389.9573388
124564362.56156
98512059.693358
217635061.241411
108170358.859912
84678736.7111641
39546686.6148842
37807560.3339715
31351222.7688685
26737572.3588834
15992782.283925
64607070.1501938
47716285.8810857
37558152.4540996
23410479.4324523
24787618.6501538
26269999.8000319
24622665.6438106
42270331.0661864
42204183.8208801
38953740.0216809
78510479.3856222
96983503.9622036
100634525.920052
75439725.8130599
63687266.9761834
33825617.3274211
47316879.6447408
43649824.4233486
49304454.0291402
22237445.33024
30625634.8732468
20398999.495542
41993934.5990831
18611494.338038
26156486.7954432
28588646.0166373
19085709.0669533
19175862.3451031
16567664.9578499
38198216.1727476
25429766.4705054
35275519.2058446
55316444.9963565
48580674.1718304
18714101.4719377
31104754.6275497
16367495.5129086
19431898.3103292
11137562.2891793
13594428.7232322
16276324.2973755
22346725.0573039
54999096.3915562
135373574.685988
40560575.9605138
38627421.6007827
122901861.216643
81367015.508826
36608633.8646208
53908138.0593952
130525804.580721
44507279.9405647
65458506.5992446
47585452.1981902
33466987.6572255
21929938.0080315
64473635.7982995
54955398.1563867
41267903.5730459
42262293.8717363
78206351.6313138
140455448.331679
68649356.4245208
24328104.3140718
28352681.3295695
18055022.8358673
8269386.10666669
95071514.6168798
53794459.8584754
20969585.4231934
16650938.4104291
33083540.3593174
18400966.8611503
15748532.7122959
21325013.5496352
12113471.0788616
19762356.0906471
12390954.9547045
13691818.1223159
5959536.21354593
6879048.09517189
12738338.4101561
20732462.4729093
11729249.9742813
18640454.231731
32185153.9953515
15817496.1127015
9732472.30804886
18698263.6200106
12581987.6017562
14710484.0544916
59754018.7333383
45829331.2797408
9946796.16063726
38026093.1850305
31918742.5673163
31170944.8861754
44415988.2603547
33191983.0980947
17903778.2453943
9653999.86220188
8712500.38208124
13490317.6014532
9400471.0052308
11129995.3187877
54441937.1624865
51255285.5475599
18283367.9018809
20108171.2756148
44274643.1289607
46419977.2039279
49560269.2758727
32015158.5050149
19101872.5129674
18942907.9655005
12239703.503721
15310405.1313879
11987396.5883913
9221419.93440127
11339637.3142158
40840911.4916544
13170967.0867476
13220305.127615
20423486.5133308
14061351.0131065
13345707.6670529
12194884.4977126
9595901.73391938
9753381.54427699
6780503.01784289
9105435.31132936
11212006.1085176
17438179.4748104
8049312.2561769
8760644.93275364
5509454.95561634
11578390.0180854
6089871.62100024
6655009.45477616
7725404.04749504
5869712.04906278
4918801.96409061
2959908.3604565
2750898.11092775
5295784.42007819
33519986.2188346
11641921.7826792
27044093.9441335
29439454.0676052
9724045.97557749
39899884.5672642
25107265.653666
31517241.5399559
16163176.7899896
15281880.1825597
40438207.1021318
18354551.6555129
52324829.7624003
38594452.1350577
33649470.0256737
42252779.2779101
21905182.3493588
16852478.7606054
12681478.4800903
8508546.04208958
15103239.9320027
14786202.1832285
21758612.8018916
45815735.9682287
32986372.9210524
34353127.2589487
20700581.7246059
24269783.7534798
15588570.5487751
15091276.7525001
14307874.7901713
14602722.69574
8305915.06146586
9352202.61400313
11579919.2382508
12533278.4141495
16546934.0718881
12201511.5716691
16917686.9416827
9915396.72447707
7250645.00985112
35335445.4254708
28940758.0856813
17033082.3794187
13338690.9914312
15728804.94526
7218645.80166079
8308824.54957462
13660428.3300973
7790554.45190095
7981092.7336599
12671455.4089905
11513024.0499294
9431367.216595
7296535.99314859
9926989.22109742
9491211.12149735
10164791.8081038
10892385.1132981
11147651.5202534
5937095.02373938
5002167.73551665
8338784.05355926
7291524.06846109
7020795.20279154
19766518.7914745
12167478.6547943
9345848.35961671
7919023.19265322
18609861.1528603
11888354.8053114
16299709.6688319
17975222.2383256
22337553.3585438
6960480.18933689
5846126.85275835
9542743.18440903
11364335.9375154
11326224.0368031
10966582.5473211
9439789.36148477
4689150.67293783
5563545.95341367
12992895.9976743
13065709.7895635
33405373.9965703
47010151.691365
26235880.8063073
20088537.3157531
17017509.0920326
44287175.6274005
28108725.9143945
34109046.1595619
25781143.3570788
20471551.0982622
13656101.7982803
9162584.25490277
11097827.3933881
13503843.7445605
12511754.5183556
10477832.5291824
9950226.19260056
6849387.59432471
27431994.9806255
14125526.5502375
13904787.9120311
8493796.58827081
17348360.7634974
9716865.50108027
5194298.3429063
5365243.58926109
21397788.292772
14645117.6266816
16327184.1432556
11175502.7654696
8657262.83164541
10915441.1406616
6957302.08426523
10400323.9623547
10567631.4194038
17209954.1017244
37196196.4624288
36615814.9860682
31719637.2868825
20731477.9089587
17211478.3464297
43481692.4559776
26450928.5938366
21277198.8538284
17183103.9500796
11150804.0798374
22100292.733138
27081765.5721985
26268700.6728988
19733044.1279746
15790878.731756
25729444.7659087
36639078.6012884
62434762.9756466
62179854.7351922
33502295.0002174
36509363.9087333
59445781.5214427
33385665.7616305
17044849.1238763
20188750.9388284
41051637.663524
46968535.3062054
36136299.5654707
32416023.4384586
19023037.2052245
13467365.265938
6855973.74204161
19130725.8829928
15734741.5270398
13478822.1701199
30255627.4797787
22210695.2245656
21488509.3452784
14578764.3412547
15575036.191673
10050377.364464
21532041.5443294
32989602.1419991
16229814.4185289
19665228.0775162
11762309.1688689
15922414.1919576
17717510.4428077
22934919.1045557
22267564.8467018
16587590.1707734
8177343.19405803
24822309.4233851
31389370.4312168
15246733.6522704
88250184.8608108
123674263.49444
52848301.3092671
31658895.9375774
22024043.4311016
44912584.2689988
33867487.2578681
20649404.0546808
25835629.8170243
30079537.7290364
14868685.4362503
14456870.1875782
33169966.4499469
35245285.0226294
21314427.5991047
10160408.5755759
29962763.3132811
39742155.7798248
10001265.9667585
12756762.3499707
14565304.3792168
16841344.2166396
18127506.5682591
19445407.9532598
8929946.12182358
6313179.43212437
18608680.6818568
30970959.7380292
16312294.2453113
32894730.8681678
15773433.9000919
11150522.7135595
11819103.2511276
16735834.7879015
30605949.3042522
36348470.3950949
38295075.9230344
23111227.1987146
19252087.0579851
14665159.6468178
21238988.8146332
15563023.0084756
14473899.3890649
8646307.99148139
15023362.2458297
14190319.5346098
10851359.5059809
11048004.0381407
11476733.9233872
12826745.6092039
7006620.87553007
6963464.08527983
34292435.6230578
52162456.6605225
32466142.2920139
20388783.9651729
21825005.059017
18254796.7644847
20177579.5543818
22047070.5864981
16838361.1943258
16841779.5259577
72159168.0975364
98660156.2442861
74174245.5280383
35182547.8063992
21341959.104676
26864421.9203823
16644757.2819502
21304098.6913138
26486472.0578073
29622110.3570039
21715877.3162344
21700534.5201611
30053335.9103737
102902785.001036
40574355.7423601
44753839.8588415
30288519.5569323
26658222.2988367
23412723.3211948
27403874.1232274
26626787.8294915
38275943.7950409
24519062.3041958
21101351.649535
22084465.2759847
20280688.1248335
16077740.6254085
25748610.1855074
19227248.2537292
16148850.1593628
14350699.7168525
41782247.121547
48254425.9876612
58350531.7739635
28244838.9594286
28021100.1329407
25958343.8328874
18237401.3725898
23516652.671345
12333158.4992279
19348735.7990403
16267152.555754
13491650.1424849
11107251.4490314
13282568.6576481
44941787.6614631
13380885.8076801
24764778.0458241
39696671.6421484
48204566.1191778
40266056.963779
38234244.9501102
28043486.177422
17276989.8900942
14615868.0592843
46041778.5260321
52877583.8428348
23799531.7373257
22919697.918158
32373986.1113118
21031229.6367682
11440470.0191164
20583968.8924872
19227167.8852625
57925022.8601462
48237302.1036504
15239517.6550996
13878535.753673
15839694.1533713
22170013.4223808
40547437.5677782
31335116.8337392
22645988.6115491
15737558.9445418
13810005.8930171
19499427.2742066
21561487.8484659
19052350.3963024
17296458.5540847
21172117.3045633
18384237.7055478
8774320.79374939
15138071.3159807
14989293.0966294
12400023.5292022
25199577.085989
16873389.9085444
23911570.5495474
12290467.5242001
9072122.29000884
27762556.2804859
26940022.3784505
17779552.7421138
20258194.4440504
16645731.9225364
10050335.7265199
12346470.1204575
14307683.9112114
20481507.5068761
18263464.9008067
11076637.5275746
16683377.023813
11270025.8761669
23581951.3789858
29692539.9806821
15390440.7679551
14331934.8162429
27803858.4990772
15197659.9055103
8111387.48116551
13305594.9314761
15370063.0220566
17894841.9351706
23148774.8972938
20579283.5126172
20227493.684584
14794609.5597193
10476206.6801846
14644140.9874921
12883387.6291579
20103443.4773305
18197685.4304872
10693805.9665039
6224095.1316854
6745006.43023422
11640548.9838112
9198813.31843391
10775467.6299527
10085052.1536416
17957378.2325913
8276551.86374496
7347192.36261408
8277639.24650118
10126917.4487601
11499762.8060847
8099393.72308454
8651193.04684069
9779844.53988599
9193365.67165304
19187324.9779305
15033353.8429948
12745615.6578011
10283613.7095377
13394173.4395353
8413390.30004821
10184200.6203154
18598382.355217
14595829.7928686
10413802.6035486
9957884.78049949
10397204.4435435
9568645.25743009
8639127.68224528
15508326.2015806
31508473.3977194
31832189.3126299
20603581.6802102
16385919.2309746
14676132.943447
6762985.98931286
12659166.799496
10221338.5322582
12901830.4790838
10735789.2823509
10181298.745183
14927461.7459766
10653013.0986997
25583643.3144837
33527138.8633316
20068031.6282531
16412250.9340381
12871308.4740794
12009531.0463174
34726752.6527349
36076824.876844
19593596.0860238
24426953.4505005
22010249.8279822
63400864.9587721
26194077.1054433
39840968.1199198
45954194.9925167
20342307.0117657
20174870.0076441
36922395.0071314
21008722.6932248
17910561.6537123
10084410.8214162
16093809.9240656
16821345.9144866
13478214.8801459
11943022.7687305
25505256.0041501
13827875.4271917
10482313.5307155
23632137.2579117
18575645.7054461
18969083.2635504
15929952.1920079
18152311.6702465
13842599.2550923
13095650.6163151
16429066.7975905
15927135.426612
12241380.3219873
14279606.9983023
16687140.1192958
24936951.1535366
17708881.1483502
15639673.3695006
16985130.4449449
18502606.3785887
17842014.4309971
16728421.4758387
12955752.0428636
20567469.0487252
15525034.8810157
40162535.3736777
47896146.7565036
23872867.8486786
16442678.7080321
19446553.1518798
15327853.7785543
47020405.6426896
45447602.4189083
24329402.4157416
16682343.5037204
24059389.562713
13597781.8307351
13530094.7400741
15490925.6343267
17926823.3987778
16328979.3012514
14736623.621873
17222811.831489
15390990.3509414
20696412.9509699
16372089.5075731
21726006.1710433
19972318.5786195
17799399.0080789
13755574.9628037
15068677.5947044
15610681.097196
17037344.0237417
15790034.3365828
15736792.7869257
16609013.0611124
16321445.9052215
9709453.42780737
12106173.1768352
16115130.1022786
21175784.0307115
13616584.4053327
20995434.5868255
17955377.1949729
10777550.841224
11215185.2441952
19402828.6649477
18928138.1064856
15488439.8956745
16789580.8650811
15978318.1526849
13856342.0094337
10644512.0694412
19640231.6589141
23477755.9414846
19438231.299221
14146179.442685
12631278.4575904
12320417.0241189
13050564.4603666
12771012.713761
22541501.5229374
20668785.5958613
18915209.9021899
29771070.3287037
35059552.5097896
17172470.7831063
18762154.4719914
23594218.0731181
19144477.2853553
29358833.3863299
22718219.6612335
19885058.9468791
37560336.3877105
25406722.2385155
36615471.0511281
39967070.2623003
49447819.2707237
59888139.0686402
40684794.4432316
29431278.5811621
85226032.6170827
174334328.744834
254447867.577079
139063352.992369
106373854.023897
45774410.9489604
41548282.1701993
55315645.0474243
83078155.4002022
91114602.9234972
62040724.9285797
38827224.7589911
29128571.5822379
34366553.1101526
34001962.3254676
36962877.4982692
31385522.7615019
33137545.8388286
39933288.3948729
18138881.9814101
15108196.2146788
17817694.6723613
20088644.8745345
29313624.1893026
80553698.6747559
42052692.0262837
24692265.3886497
29062933.0514725
55031578.084758
45761022.45026
38580445.3244592
35398608.5032161
25823971.9602332
49236557.4552647
59620791.637215
43440687.5452509
41130065.3370791
65597391.5012724
35682556.1309104
86004664.6935444
109745313.58786
41837299.5280596
112314939.259514
62569335.0468088
90149136.4984185
34911173.6386942
43850222.3410928
33222613.848755
58151596.4796245
57365101.2435735
34193884.5570878
32673518.2695951
40238873.9621362
23779429.6275435
93869922.7425141
36172197.9137961
34589163.962313
35360940.4235275
30272579.8201994
28940163.5312464
21064626.4956343
15165816.6761731
24219558.0715884
23610405.8489852
19720135.7721368
20219005.8855547
63492872.4216995
38966735.0279239
18200399.6031096
20686923.5495132
25500875.9480835
90928708.5475692
137126283.34953
26033095.8907104
128263290.193765
82634493.1049498
28421886.6193351
31812562.1479408
30015779.2482576
87642653.0270967
45262791.9109484
66426247.1483164
29237631.5847933
28109321.4783168
30174199.6284854
24951385.4739033
19664469.1420072
32965193.7669333
56573206.384536
14567177.2218186
18557733.2675758
30023069.9942396
21530742.2635165
27106638.1494123
46677476.4118454
27322405.5117287
33283726.9651125
17859379.498769
25823755.8524296
23472467.1768705
40380680.8688514
29305999.7308129
24700677.4209876
22571951.9703303
40866128.294912
40332603.1252472
33965508.9511966
44934472.2336154
38851476.5738387
28715687.7645492
60322187.8221082
54696194.5917099
46379102.1288166
46955836.9501931
33180283.9106862
27198295.5484701
30326448.0673551
176380016.33364
135437733.100285
411475681.730006
35229169.4610803
31632192.5791158
38828588.7663314
37433547.9755473
56067023.9573669
28275397.2089753
30176913.6813256
25287957.6395555
24068775.3877662
27684342.2646461
29487169.4915634
28630780.7052922
18808253.4595951
23890993.6034869
23599627.326666
22909001.3160089
21593083.8172371
31935161.6941114
18638779.1315497
16181975.7348191
21253161.6272319
24963365.9527713
21655125.0055224
20158308.0607404
17639290.3711697
15214096.2233463
30108791.6428471
22750934.7714286
33598493.4582712
22286050.1403668
21677294.7554304
19241204.6123955
16289536.9930153
13676771.8769184
17865838.456136
19910103.9369084
18067963.3139558
20171283.6113119
23389301.3873426
14485757.6063038
11804860.6319557
16896361.7014416
26137556.6876196
18593783.0781579
15633721.5823321
23434913.4595955
14972745.4246856
13822023.1756137
18520422.8814526
22474263.105338
33935199.9067362
29421948.3294609
25323783.4149665
19409468.9359095
32922638.6434548
37764251.1026431
31466589.7605132
46846215.6022066
36916130.9308757
22938831.0726156
18983463.2878349
11840872.4043718
33427845.1944089
22558542.6190504
18253514.8347803
19380527.3585357
31327293.8312441
14803844.7092965
13789951.0533369
22899056.1408249
28977886.5692772
18874922.1282008
22472601.2689802
15823487.5546687
9994627.45141921
10648580.5598768
17660778.6312296
16811328.2979519
15008821.9905185
31338619.2125327
20948594.0377208
11082943.1319173
13265314.1832076
16575092.5551917
15560240.6371096
17592294.8060161
16961689.8265422
61469350.1444515
73439461.3313819
75375034.9974443
42879252.4806775
63411317.4978701
38661979.8632353
30354543.3050303
64230329.5246393
48786100.9039277
35274530.8073765
38296458.6295386
55351105.7388154
41545196.4492028
43756526.2129618
39085359.9398932
47531638.1985134
159105105.708671
147854007.368462
90687098.0420638
52070352.3344432
170740822.906412
136328960.942579
90896866.1302949
43965588.1385889
78484227.5319729
168253920.848789
128779881.004217
147358470.897089
128104603.948768
72208687.9587671
57692427.0030412
67058895.4640679
57253400.3927777
74802497.7762947
71087819.4380346
72982893.1375547
60321849.9833395
68885693.9805479
38420547.7803101
33627029.2342805
31028132.6558713
102446183.163077
51723123.5077308
80683115.4928381
36594139.341309
39553041.4353775
66259675.9194764
62432011.5996603
50786417.8294984
39791946.4167191
26301070.9570047
35510264.6420303
33674555.0576793
22213010.9246535
25840411.1201293
22229523.2903674
44775286.9181
26268923.4097498
25740649.0577175
25541876.2311509
34255461.4963128
29142943.0267627
18722795.4881262
18949113.3925791
13003281.7835972
46037014.5477067
45513945.30859
82052271.5647795
52045724.8545434
28541369.8771001
19447953.1822866
26357179.9439282
22783797.4650631
17169580.5754143
17677507.2834391
39040121.944592
27409182.4063175
17868747.0798642
13392745.4863613
22863876.9348774
21598265.7824109
24746567.8774263
24961665.7464733
27362080.9099578
18687284.3346316
19156740.7736182
16464844.2734403
22480182.2441258
22175974.3806079
19385391.1275062
20962529.195741
14162376.4521691
12822455.3349595
8706273.4425138
14869916.8575586
17714148.9521175
18330249.08312
16804128.4898325
16915685.8010106
41164513.5101276
25021828.4500858
24749761.9271844
15769927.7363873
17342365.1082818
24028227.6301926
18012548.6341017
14410552.2458363
21278901.1682328
25453578.7571941
33660379.0518975
15760827.4819935
13624344.702648
13173821.0860197
9323323.9036526
9865344.98488206
13917010.0940479
14573913.4681699
22673521.1171791
14751133.7450354
15745723.4297103
7814379.63823276
7754900.9235945
16702788.1898173
15701038.43837
11377497.1270102
15449848.7071643
15054390.0746184
10015250.6917348
10023230.73831
13651153.6190309
14886832.8044093
13330957.7861627
12839504.8534879
18740788.2220441
8057780.36636211
7964389.0531932
16131183.4913478
33340464.639338
17385468.2918669
17065928.8033311
18460412.3508816
7692798.3937966
8280848.84476278
18582140.7078783
16646977.4036827
23579261.8145318
13843702.2339007
19085128.9239994
25072797.9900963
13273291.8336221
21063615.2476449
27331851.2845038
34004369.3150056
30807765.5619904
25070833.6586731
32802537.514093
25257364.2877031
26186365.8752912
44744818.1496971
29415723.5704148
65538575.2186843
34004118.985705
15546607.9170594
17509728.9844094
18849470.7256267
26409662.9121496
46810531.2386138
23087882.456944
17097179.8411247
14931466.4099717
22982606.4240371
24239337.2853868
26397199.1130589
53771622.4504244
44690191.1278029
27628400.5885017
19139679.5099828
31925543.4548435
24306882.8207218
32662448.2065649
25069127.9697605
25696505.4946912
20503451.0134006
15464763.5738117
16313988.7906958
23699648.8482074
23959520.9889579
28036460.5168804
33928061.6304189
42606919.8101299
18650168.3584888
16404113.8776367
33032340.0591204
28392663.3107246
29995554.2440938
24571868.901939
20817095.0195709
15580657.7391039
14038464.2858742
24134247.7884089
27192536.2848459
19882411.8937888
22089395.8568967
23775605.1310725
21767306.3445237
14241415.307616
23101396.2632915
29147645.8648793
54367254.6233815
66044894.9691262
94698172.8434845
37811616.9947826
38314007.9343337
37006649.1201479
45502022.143387
71502839.1567618
61752974.7777503
64179349.36403
27072456.3382937
41857254.5673665
67682694.3826249
56845274.5571429
157455493.963191
233600439.472826
153734742.060119
104527572.232507
63948577.3655779
51137358.4487847
49065337.1153728
156463645.82838
86506834.496573
66343144.9265469
34921894.792336
21311944.4201932
30146496.5711738
78384733.6523007
63886857.0421214
55912709.3976812
38456053.2657046
39326708.2869671
49733124.246655
32542061.6001396
56104560.7114656
34235860.8092558
33886105.7074556
30766632.7677857
14517639.6039103
12169752.9065777
19348462.2709296
57631867.1291883
43670301.0340197
58805143.2312329
67167013.2439429
50938082.4067014
39684866.9786124
38008896.7692385
53411710.7951026
76089593.1155503
159092656.321523
65574087.8350567
33034552.7685251
18922072.0544164
35809554.8498333
45377204.293679
29055260.9177185
48542563.0749401
55464878.3133482
34373928.9401773
24110358.4031429
39303255.2149841
75641238.6361166
61584047.0758682
86788795.3765282
144364932.539356
53725761.1221969
41227123.3196299
49103893.2626776
64073654.5597998
69511599.9866522
108211374.059981
93846506.8376189
51216310.316207
35863660.689546
44774260.0239367
118632719.291813
126122283.13709
71291372.6202161
250876794.257632
83636220.668596
55328127.805603
71636058.9206613
59000993.0203595
54648360.0753103
144562349.559998
164876260.919582
189581169.761724
101893815.498861
61460587.7506268
93617773.5565611
110808256.756121
55586666.9222653
118879312.276436
103350839.9654
75597386.5863354
85027090.373602
78230108.9563434
68611796.3903188
72105414.6744296
87348173.0465049
50605838.6772794
63801216.6064635
97304098.1138801
74495482.8369188
70541517.876563
96295916.5676277
66241262.6368283
35696194.724285
50266083.4305859
47812051.0500593
47031711.8084187
49658392.6861141
70521263.8321995
54103789.0347772
30757259.8006698
22298444.9266655
50945142.5339558
58948563.1306565
49920992.8962164
65202070.7076311
48659166.8863463
50536160.2812981
48234956.1201154
46614547.0215953
54533817.2281168
77478774.5016716
81015935.9944183
97364692.1554393
49565948.7975024
51179115.1909925
134112023.310914
99274585.4100307
118447840.320951
205923967.247145
164297782.140285
75770155.7511114
86657753.2199666
153429055.108106
198861854.39729
147482144.106831
187609576.268858
179935782.392159
119231177.306148
68030598.817808
130609751.710485
121994923.253428
155426882.431018
129881508.893706
172254773.819524
150172514.936721
138305403.69122
336757617.632519
219311389.245511
309524328.018616
546688590.712853
390986517.648357
339320661.149465
197633172.575942
160629694.759293
215795504.884519
224898926.509258
238936922.638778
161653522.437761
140906001.069794
137071486.218199
184872431.911026
409219291.472657
253000198.815825
196117028.549651
142215567.186817
194191592.117247
190423508.006039
463224842.166446
242705711.12285
346336712.709064
456452180.809193
213088060.841615
179765441.142395
171724506.434775
159710895.859686
226060650.84921
237379631.454241
161318040.681288
113080511.333719
163703013.814237
161083849.256747
288547307.564015
276781332.759176
202986165.26096
129486988.976492
131347719.381594
121333715.432536
118107424.791342
153416743.574771
147596829.232357
174698066.673666
118289714.128513
165853217.520402
101237434.094329
80214254.9879321
234993666.846121
243508601.141891
187032212.443773
151315337.380786
200416336.943502
253396888.193856
287621530.770534
285788666.710661
353709409.872958
266883625.049339
640391594.285719
406077088.495144
249355804.822187
232930831.442291
174463748.770678
369859737.489838
240507615.608164
202273882.843368
285974915.228945
176907368.584485
181365122.596057
201139133.922682
256934007.675277
168014548.072063
151846265.896975
154496940.323779
399155099.521813
159388737.889882
240635700.700558
312436142.032442
266188967.857934
192206305.477787
276561499.917623
380510861.40196
497644418.529858
444548493.136568
708858187.7744
385678850.952222
450978047.157112
489499688.236495
366785945.515708
242991042.774849
312219512.603299
565133083.523643
319988162.635973
266597557.363106
295571172.402489
152274771.801409
148421476.950901
258024752.28902
370518664.81348
256132053.747866
272208376.01114
389291822.171556
569266669.67747
363363282.108148
605295803.850699
543174337.273034
431506384.308067
261115072.343155
621784852.038414
292867234.90198
381081055.976075
313421532.263158
369363868.822818
631782497.75923
920940525.969381
1265662125.12197
500544610.14056
275620097.401755
476456564.268233
403095739.902221
285145427.976028
435489862.190014
344791763.361545
207318617.895131
147890274.070118
315513741.61077
205100044.850239
398734768.334258
311382539.468857
328650040.8809
241610003.396879
217143309.490261
266857605.751146
292914002.088077
233655372.526855
225663722.344705
236543915.463385
153161760.411533
265024696.075805
448733657.186224
410723619.778273
298767562.210778
755015433.050816
1051918558.93616
376575181.836736
554650752.508553
355196736.935014
358128087.04546
698831560.053746
404932225.438313
685393227.447507
609116684.946901
522996373.917771
707120061.258702
692531025.863301
505980341.529911
475781183.748981
438345274.037693
278625904.112672
912537145.432968
408255940.27535
542832373.320713
753605709.651933
1389530154.58373
929378099.096608
636384084.477502
658774663.885916
960286137.889376
588308209.240555
1407249178.31729
769324537.391078
1325049568.33718
969803051.199524
1984010017.20444
1390058360.6884
700642504.158468
1054497512.52326
1245230693.80607
1115900034.09069
623605823.355006
611217021.073693