6059.29663284102
6069.21393597067
6032.84492068877
6054.57833456576
6075.10180637512
6063.1612482108
6066.46275996682
6078.43401216847
6091.08539946532
6117.70711972906
6112.90344046783
6132.18580064936
6141.48163499237
6147.62222729116
5985.98770156602
6005.02825002822
6032.61258262633
6071.33945160506
6076.47459348377
6067.48354439001
6038.35861762031
6028.15619188243
6030.70000796095
5960.22824151634
5936.84076828232
5867.13459803671
5835.41703297296
5833.07581433001
5910.62331386533
5904.51141051902
5886.42142272937
5830.94017831088
5799.58380681662
5851.96619982353
5858.36600898607
5937.63344332563
5989.94628144956
5970.73532719573
5966.13390085497
5941.77827978532
5882.44133824845
5901.75545646594
5886.12670102424
5942.50145342627
5973.04156015005
5951.1483787654
5979.74000128139
5983.96218842214
5957.6187517411
5967.91546950891
6000.53143900301
5913.15891102699
5899.05227189377
5861.90619601624
5837.9501380432
5885.60568045373
5912.91989345002
5834.56732863002
5737.13826475753
5744.95621076655
5760.58080706583
5792.6833151868
5840.96567557578
5843.59217528499
5885.21038712848
5943.4654887233
5896.62743195152
5855.42489287099
5878.96579704325
5796.27806219876
5709.34833267272
5628.97015742721
5662.13067890292
5633.44913523359
5675.67504884687
5745.13415145497
5726.59910254502
5714.81061941298
5666.22032979233
5665.67372404814
5726.36093725208
5654.19083422117
5631.40622702591
5643.4479017198
5640.5244004626
5703.35336864227
5710.31394841759
5702.3452251878
5662.02347254107
5610.05448058688
5534.34403575707
5518.29814113835
5519.37166547043
5509.0785597246
5437.85641914436
5410.39168023897
5489.63534520862
5537.45391685878
5504.18191606363
5513.60270112807
5561.80869145379
5609.37541840617
5616.83677670351
5589.75015811327
5525.08706899624
5486.46700575979
5531.09936981993
5526.83002112884
5478.17613576251
5527.0890796645
5527.68843486364
5546.58084474216
5579.54503278805
5664.09140117875
5679.3813085874
5662.00059906281
5706.04782559739
5720.33188994958
5720.87136309203
5712.92522581104
5740.58434926635
5738.58489337897
5747.42412478094
5712.15182744052
5715.62346040224
5721.28825272274
5733.1494839292
5746.35044444358
5827.00256969227
5921.57876537933
5933.7804514446
5935.5778339423
5928.39358990984
5935.57163511867
5936.84361583825
5909.37437465182
5865.80316424948
5873.02822613243
5833.35018592111
5861.86585056514
5891.43567947882
5921.51130519983
5961.53184594621
5938.84862135065
5910.70090390407
5907.39950427943
5866.91531083154
5816.2181222034
5869.83421057616
5861.01362692109
5897.87388312188
5869.82172356566
5833.59722377652
5785.69009117687
5735.25812898986
5769.61738441764
5749.51939198269
5769.89992039556
5787.83305130953
5715.21476874726
5750.62953712552
5747.11263023289
5764.41621155795
5760.00943810917
5754.71324307455
5818.28309227545
5842.90260774962
5797.29559150311
5753.83188814183
5750.06910257565
5773.43292786799
5782.90111554823
5790.48228056261
5781.5559919351
5770.07026534296
5758.29627082647
5703.58104751825
5694.1587718944
5707.99844486337
5718.12181875229
5695.72586149232
5715.38197794515
5723.37576443431
5741.97498873816
5763.65319351731
5754.08832668385
5733.71185820983
5747.05250258297
5748.81406128408
5725.35129601454
5758.02736334594
5585.32493455264
5734.12888195271
5763.77105778135
5762.45752437287
5769.08214219309
5816.21947465468
5807.11178219251
5790.12464275911
5789.08302939865
5806.95665179334
5797.76545680025
5767.51346645261
5791.89696575684
5890.20321095079
5947.46037065724
5949.81331440003
5943.26893139512
6012.10324827876
6178.97243494036
6145.26179243588
6126.28769002399
6153.49007726091
6111.66031109899
6086.40202777258
6103.08326345916
6104.59173446373
6129.62627561634
6117.26463158133
6101.98968841606
6104.42261723883
6110.43228523276
6125.20541336467
6159.79770335061
6174.14755235049
6118.48155443993
6130.75270518353
6074.1999758635
6037.46885074395
6049.38487446788
6058.18532073617
6091.16382030613
6073.99069550909
6067.11955294726
6075.96837029835
6075.14240897239
6086.00876654134
6108.35173241088
6107.06320970535
6107.68514170082
6100.16087115293
6107.78506770866
6120.94210422958
6124.88411329785
6095.63953328345
6101.14017464382
6129.67617744608
6150.25050214623
6189.07065894874
6196.1895149014
6246.67269039424
6341.77908592
6358.13470797505
6359.13468515442
6339.45451184833
6342.24278492318
6297.7022027327
6322.1947329442
6361.49730788541
6380.26958876569
6406.06501628378
6387.98798111791
6383.02909183304
6393.86228196078
6415.85934692545
6367.05741119032
6365.95006259854
6379.18127026681
6372.35131073039
6418.69777124461
6491.75244617592
6533.9284309692
6563.34374424906
6505.1204364869
6498.72923060181
6513.21978876646
6539.38985496927
6584.46262946312
6584.1045434757
6592.20837588294
6583.61787719236
6513.11287246248
6574.0604637121
6626.54807824689
6687.29779268486
6766.01933323606
6853.8632641696
6799.51169973919
6830.22742379401
6844.76620119331
6873.3157740752
6915.04480091754
6946.66142966407
6946.73273829273
6975.90385901306
7082.66277750274
7053.55024767569
6917.19887120543
7075.80887740215
7067.51554143621
7067.14911209252
7017.74676122227
6943.13081501627
6907.442758152
6925.21611844474
7049.94133546191
7058.42267669729
7058.92608063599
7036.29249904263
7006.14163026726
6976.52312821798
7018.15300129242
7143.23511061728
7201.86741294147
7171.21255301893
7217.47229917619
7256.24877057784
7330.88891119964
7371.38459375463
7405.02669743389
7301.42973114637
7284.06675988742
7227.619865525
7255.05233305907
7308.63636851456
7313.65446349893
7282.22701465623
7311.18501324859
7289.72844049556
7248.35855020193
7144.40015398294
7168.88555131264
7172.5869727145
7083.01551511629
7037.16114406655
7140.56611798437
7154.75930292377
7223.42795613359
7199.11449424371
7154.77103565186
7193.5095688387
7193.70123234297
7163.21177617148
7119.18070290138
7125.9864229581
7157.9165836171
7253.03389395973
7311.02974487221
7287.47248363462
7341.55759628159
7310.18024109616
7289.02343561886
7346.41356068517
7417.93833449466
7414.27709239794
7382.67153652074
7388.56291427949
7329.06512718098
7368.58610655309
7361.52774075509
7372.05960262215
7397.49978078448
7406.68755468771
7445.23127342019
7398.38133837186
7424.81485476256
7427.95439005435
7423.58956550771
7479.57984534959
7513.7532586317
7551.25809332973
7519.05375670676
7507.50558422123
7512.97041176138
7495.57763811791
7530.12711508522
7550.31319183667
7534.5504980549
7436.00303152247
7395.36905703715
7354.99427536297
7368.84965757473
7355.9901279403
7365.15912917598
7255.07171815393
7173.31431066473
7286.35966926138
7325.33987042115
7304.61961634432
7345.37681649212
7321.23230292807
7307.5604487964
7331.7836994935
7392.87648034564
7403.97124513169
7304.87466117102
7268.01081314276
7210.40406035749
7116.95649083775
7075.72505610151
6988.05471659546
7102.50665731734
7111.19089538197
7093.46691658244
6997.31079193058
7050.07780244174
7097.55065776056
7066.28925615697
7126.45867951219
7145.39946817453
7184.33426370988
7145.29972552591
7177.4778467485
7176.99729471559
7190.18976821737
7166.00945270875
7164.52721327427
7201.6319704243
7108.90792905977
7057.05627142819
7087.66687379076
7030.36473131532
7038.59027559469
7091.87435884627
7101.51878633022
7045.70790030906
7047.47665447004
7055.3389064528
7088.74681516351
7096.26704375078
7228.59537468161
7290.87531814114
7343.73730946541
7323.42704855974
7349.88875817508
7383.60754114113
7344.12553561753
7359.08659637905
7355.30710598801
7353.08809860472
7401.59274239495
7450.89073769083
7437.64834192664
7475.37209625324
7461.05813413777
7431.68992128962
7667.32623496124
7403.44329601513
7293.88781822091
7215.81825332313
7265.2856275213
7340.40831849952
7403.6723145628
7375.97700161635
7338.12456627285
7401.50345712129
7368.50628314383
7322.66546887004
7378.22770227228
7361.57226878736
7357.04290884392
7269.49026085451
7205.37219686645
7224.16019271675
7147.38013625242
7132.00710055738
7174.17962710469
7188.72423017471
7183.8223597731
7166.53504356317
7180.90428154165
7220.88866719219
7176.9048120704
7188.93191490817
7156.1149139917
7133.56941717086
7153.82023719173
7218.29814787345
7287.28607127113
7257.55502310068
7257.9735857609
7270.22545578384
7256.82623735047
7229.57688515197
7201.38854083608
7182.66650374358
7155.1496931823
7126.54235069168
7000.53749957976
6840.51238988767
6786.00580687289
6812.97558864834
6805.56214559088
6950.91223556762
6764.63005663885
6610.70654286832
6579.27347060528
6491.6455839508
6535.15395310825
6691.84252412092
6627.45713866145
6651.10822654326
6768.08185369263
6786.69252208784
6766.55331487931
6776.35256591961
6740.65313253538
6709.450927369
6682.69599644437
6719.12642864761
6707.71748563057
6660.5566523798
6569.44999731374
6420.19903478853
6362.77932607087
6467.63625617627
6366.07930451832
6409.11174197231
6404.91753800637
6301.32777883554
6325.27206893955
6340.8366485324
6435.56743882392
6409.58238998262
6337.23649012236
6297.8714868538
6265.68143119929
6235.50779611181
6140.99427673378
6114.14700479446
5894.91524288173
5672.42023775716
5960.05594432003
6246.47114401718
6097.75450057633
6250.43680245764
6406.94053177169
6292.13185169165
6125.02148828519
6192.66611175353
6234.37172872537
6208.66924927615
6144.25131320376
6145.96384660815
6113.6390886814
6067.14313201893
5905.21909955971
5796.4553098472
5796.41898162491
5962.90423345594
5930.62752196475
5933.00558796176
5997.61487994449
6039.2661691149
6199.19065422818
6285.0393113007
6264.85920640878
6284.60483360798
6354.18575244419
6409.59334323031
6516.48324173522
6570.98107802679
6714.18560570333
6557.98925568696
6595.27991471604
6564.92710122196
6475.11959597902
6375.7602892715
6439.30010954178
6433.02708294645
6528.14162890697
6483.9275929745
6507.87623965157
6603.09754292609
6665.77385052517
6652.97670808736
6699.61364022108
6667.80005390492
6590.21516835519
6622.54403552225
6620.74646492672
6558.02960339939
6566.43932871396
6618.6647259932
6558.9045982669
6506.65060748558
6516.85406257667
6561.4380751885
6571.71369947278
6558.34422477181
6598.51984804256
6579.18160038801
6591.70616907431
6636.08003164089
6619.04091392651
6610.23304317806
6594.63918087971
6712.1504554662
6767.06331485434
6863.59078215563
6870.41414042428
6836.67836205573
6856.11611070636
6861.05809146551
6931.06731982724
6937.40485768984
6957.21908154689
6932.54902228788
7013.03138704774
7143.90263164736
7160.12880703005
7194.7955585477
7229.5021300346
7200.16160275023
7193.35845794282
7159.92425555515
7195.98814171489
7271.51731612518
7266.59662061042
7257.70242619864
7238.87165341158
7256.5854515315
7187.22657502834
7174.86242967286
7204.88005725979
7228.4462667931
7210.69182391804
7255.06938135363
7295.30783049131
7401.20699036578
7446.22998238263
7493.39612711453
7449.38299863969
7465.109780704
7427.46916219671
7436.47672248355
7463.84734295109
7459.46669665802
7565.00452477802
7703.47504337127
7731.44810363997
7702.53776234886
7786.85668519445
7820.62212486478
7804.90421273184
7887.93054254487
7924.66627315479
7837.42908391083
7912.31348902113
7877.4174692514
7862.39140468836
7868.48306942437
7676.08896599381
7652.47595807461
7760.03186974332
7814.34313075525
7840.40713705354
7830.53179130311
7810.59868766708
7848.30788191636
7920.02416315293
7893.77957175264
7833.17281838601
7822.5345522908
7794.60785606606
7715.8365602215
7658.53549739208
7748.09364669795
7717.96634120597
7609.03577978714
7577.84145409637
7495.82941914352
7583.87789364299
7640.04164354144
7707.56643404257
7642.17136873484
7645.47315105856
7748.80744051857
7756.91961698224
7729.19204556076
7720.69892123261
7727.75644041035
7686.33804783349
7679.83576335112
7664.1489791439
7664.18430685271
7700.09383930538
7738.75238883717
7730.56586019499
7730.14768456875
7782.50871283015
7776.97338848638
7764.04793546773
7760.97353292627
7757.64741509021
7775.53651175765
7768.73202538696
7768.9911588265
7752.09808690161
7741.77717993846
7687.02945491467
7701.77259510589
7750.87187194718
7750.09953761727
7754.04548919507
7719.90359997301
7728.26255267655
7767.92964010579
7732.82031169735
7750.67223193874
7845.70712939376
7959.89619439202
7948.71003025111
8015.08048213276
8006.65903760897
7955.36640931343
7970.30110016989
7989.93653689399
7984.39246850661