50174.156997178
246830.803815264
508948.301877344
295907.657922655
224932.942339817
785761.057520839
163215.991272658
220013.748872915
284661.71416889
151245.617510898
172983.60176439
252341.172082266
172567.730631178
333691.483363403
332107.638776231
335987.749610975
2249940.11077482
227039.41834316
675007.739186302
360698.671793778
411270.239989063
658927.018599787
466025.51398302
175335.945227927
109288.603874353
187832.930303836
337937.098376526
163088.840205869
217252.258708753
780692.588070057
301792.521713506
130685.696792784
337973.831489488
89332.9133288365
233250.364295647
510011.337596072
742277.413148669
151735.618565485
203247.348298144
149195.887004724
162385.597893628
315975.181149007
137627.336666205
140948.6766818
159886.54945363
92334.0001528909
396270.953903775
277879.894278028
254608.590450654
327134.524701646
127054.479926784
556036.936720302
332506.123138937
335318.791515311
293856.212186661
347855.15566251
359755.582714268
448151.964841114
272620.183051885
208150.791950192
180767.039484288
213914.901842145
888920.00578152
798874.741942606
329524.876311933
382915.996786218
331805.506741232
159781.231484039
122623.105628516
218032.607346499
300325.844057533
188393.538445273
211607.989158583
75146.3254162271
268486.053935507
382366.517115391
169263.070382245
221506.716065055
434680.020668523
122120.945155461
291096.910585214
2780339.98918563
291006.013801493
482061.671311408
141923.06913504
337590.864478024
267872.795787255
410709.402798757
65647.833476877
328163.689226009
110918.381764934
482671.227262817
141581.641048941
266407.838719075
188085.140936328
315830.340962711
517471.453361337
457735.39026486
76890.5202494394
130832.16756307
467830.598830939
215065.280308227
558202.358562536
238925.811931968
135663.303986894
415186.847918143
371543.429527314
312260.567351919
297868.620779703
193583.226118446
185778.108953701
328301.480512632
1394327.22928049
1018334.59777263
362021.111775658
772562.951675091
302668.288419608
235208.690225229
205139.053529866
194062.421133006
146142.247112381
305204.206512707
140341.637348475
284723.305552574
140187.484827863
308687.652861274
164491.536551671
561361.769374183
147895.407121339
114584.785320303
188516.373226537
234919.635941248
150406.477997425
144081.997336843
133702.655223955
59661.1669830096
89554.0625565944
159168.316215777
215421.758934104
383300.80265203
90870.121756804
113712.072967831
137303.246067824
124758.583066449
179670.15976
177596.132519604
173598.577543036
160821.634079379
87277.7137784114
21443.1137375254
31906.8261628474
34895.3824526925
26027.0346023446
60643.7091986461
69438.1741674056
196000.45138226
518477.460581119
330403.030385532
142954.713610876
298460.421790056
478900.014083199
266876.836199282
218799.445060774
311987.295742925
248968.179447669
340910.887361682
95595.4889268016
141847.126519642
345148.400070549
138000.148169534
372438.143373751
173375.475235634
141394.232808855
100576.343856125
235102.617982206
184540.915601176
55294.6025326713
189761.160651862
205400.447580293
43975.4238307421
19450.7784358275
113664.573853495
53550.7194796233
94197.4104932587
149369.09015443
87521.1371666947
78678.3226981449
89217.8886993953
83317.4896594877
81444.2769994973
265907.542901422
113014.367538811
187207.978206357
215634.251952242
150101.73994887
241280.959998467
226924.56823447
80547.9851941039
110890.036470328
93422.1078406689
208188.780040382
147896.892241923
129699.150717002
137247.818092393
101076.878999801
78932.7316287226
62720.3643101685
30007.7582473953
47369.8446782526
38818.4131349821
135504.740995471
146762.147819989
338032.914953536
366419.764264915
183765.846868423
281171.601095252
552619.454618981
307190.805415698
455359.232013383
481544.532983726
179401.642696499
134649.933137687
98556.7486559664
96158.7938409233
78479.3828659232
192711.327075283
80522.7579481818
68510.2368945521
313104.356599032
97859.0478501211
181716.668576451
249855.211011144
71186.3706965872
74863.4916412177
201337.125733241
79084.6650536167
106280.907224878
86045.0264671764
131241.692351243
106114.554812913
322315.836296089
233756.74200219
139148.460504592
112704.320101267
85392.0314319256
122891.257487354
124245.923387377
122101.637956503
41489.6589505418
174867.148967199
148516.095999843
178054.068740888
56205.2881719343
175334.43421209
138851.130807624
642793.746516115
317577.780157496
130121.101861074
120952.796235341
39452.1660623232
139373.646617111
220611.828530912
335890.950289003
188284.291601982
998044.700055718
288923.534817588
164176.824174597
121818.645224131
160288.113724613
173343.591933592
159605.796479643
100603.579668129
119188.601814906
332319.782585707
58003.5037558687
150064.460761145
114920.381998738
190200.494013384
65225.671463436
136489.526414343
183526.462766982
71203.7432317724
61744.6759631204
71033.6366481995
109058.599172751
67115.3385689937
39361.3683437472
56392.1649154504
100936.391919047
93735.5460176468
55865.2427685716
91044.2016719652
71942.5911488413
38010.5238599381
55166.7754998299
50994.7542929815
22779.7287792303
30206.6476604945
85500.4368599349
67361.9205974584
85878.3317844821
151735.863477669
275853.421593702
113879.033345635
96447.6190455166
95129.921238746
305284.420520299
78989.8222317048
175604.949791901
154221.856417985
203337.192296712
170939.69864397
119912.704129021
90450.8488044868
69938.500054974
61906.6237222791
149585.499489196
46458.5489909261
94480.4235268896
118091.471776355
147571.243923003
113180.043531793
45990.3175306992
68652.6961361286
58545.9836568147
109080.847333535
36767.5411326739
286013.927462496
1724611.46003486
531740.371703475
679236.135361693
325894.141148202
256850.694593385
168631.697767856
99762.5811815052
210374.669870838
132074.496146725
333565.939868572
251790.179975994
181456.723837382
332569.57669008
565089.210434171
191529.190727597
251480.132915794
164733.364043758
247532.307023713
67297.1018549961
185548.649910439
82450.2674337168
76045.213765402
251855.654661748
82544.2485156976
689949.219057692
186781.704990783
106177.305393119
331807.776227828
141119.13570727
206876.738084139
117615.584019761
264504.680831103
309351.722584307
261514.199763902
310360.434765171
161414.678616951
358914.847210688
40764.1256639293
42972.1739174957
136127.884892794
238806.547948554
53773.49659861
76983.4380316886
52158.6603526144
77559.7581925125
39792.5922324396
185697.390354908
136638.560360472
31117.690754844
106321.622641888
68445.3267908318
72058.655228358
180876.946994372
102551.194029346
140936.226518411
120644.848885919
107924.016878958
153761.660180568
247996.064326197
179457.611479108
62624.8046746929
131731.309414749
177554.230941034
395013.680126032
138947.49110931
267588.291590593
74550.0901728299
113872.315945506
92715.1380992983
120628.09586545
97919.0054629611
40333.8459458285
116496.070107842
67776.8835424188
176185.824446973
67164.8941418123
825225.80388619
184882.144146404
175425.95431294
230499.609424892
326146.853437707
168255.587823083
194725.871031248
145602.745545904
216688.323538763
214376.017251047
285211.312650534
383944.313670609
1696514.16974037
783221.57837635
967332.864528743
393625.633409701
389641.504662429
204027.852672664
228198.570338268
210957.605198979
88284.1256742301
406123.488561698
306007.445402887
191829.904382776
125308.522428764
306275.895907036
159610.655767667
177678.10134574
837637.504494749
170037.110183865
109809.485709233
354165.376018402
193076.247655175
104157.451194534
177270.364859682
48680.4197780408
139774.056779126
143410.05747466
578805.228821066
238058.096048315
477626.602238603
171066.404539969
68158.2947753258
437488.601124021
180690.607284021
195988.438329177
43304.3470332648
180510.003243557
158090.74626265
176355.956071654
59255.7322421
65952.4051963146
133515.909117342
29805.9417545377
145451.772709968
40249.5788799349
122692.335340151
48099.6945987063
26025.1235287152
99864.7603842593
142338.538475735
38111.4165622361
32650.851933318
56096.6308274391
61409.9746926822
1016361.53695632
429061.993374179
54027.2927864591
124331.327653958
219637.669838041
161972.796248588
185121.170287041
107313.283091497
128764.618509075
111506.339959396
251520.016874246
851088.913074338
765961.276594301
164659.770594799
155991.503328689
224028.863545785
194329.767141601
106841.977120281
55178.2613215428
517299.4595334
184580.851944687
562849.636192431
114857.238875672
257658.707518217
517998.832548088
222264.158365803
115774.774344957
227650.391705599
144325.904148763
173519.193660684
124147.922855683
209706.308382052
53695.9106036155
198998.161917604
344377.891612866
116689.828988594
231193.964521944
243053.529566474
493198.490653141
165648.921571113
165539.870496305
328575.147751006
369195.24284057
241928.399484374
260857.787621169
87259.0338362221
113783.662740225
78568.6708968528
123728.99472916
182259.535112564
638519.602690326
702284.596550154
166933.83682869
305260.852085756
170836.193336219
91280.4451577988
78179.1782646291
144797.329000424
155202.175919615
125967.494144482
254005.926433604
113941.136743426
132145.942350921
111918.664958874
289898.339762276
162138.417425258
834783.855100191
365847.782543815
162347.26800478
155065.131752143
2333906.39311672
2072905.70170679
857360.749024779
801317.520150001
485545.722996911
280221.770204726
478225.422649078
523596.61403975
273382.877352603
865256.886643632
1041901.81727901
416620.250386588
896986.621759507
493354.375775503
1055952.53754226
846563.550698167
1128127.84736023
664038.70947575
695178.342821901
682370.957103081
550622.098200726
499007.65820614
676844.049528143
588280.800250145
622326.471123931
1515454.39692029
458559.621078218
363466.729338923
233334.875188002
474049.601569755
219016.204014441
444805.648008915
119970.571283729
234924.55804019
318702.447189096
324500.621590012
263240.095627109
241165.124924498
549769.953075877
386216.189629226
235339.659349472
299862.735016297
436319.713651652
260223.381729919
185873.593956034
211955.687687101
717139.344005474
301857.515253789
282986.76262746
385948.577756389
182280.85116619
297483.149668798
308200.398761526
392102.030826069
283548.334045583
331848.225144417
251614.4815553
223185.7100767
239227.604275
266199.752532759
209352.949955977
281998.894927487
211517.215723967
200244.647529694
97116.1618490362
248092.983200395
114495.998627745
216794.792271826
117786.162491931
193745.261915541
264581.159149027
191986.381655968
159872.397702364
168168.043960632
236586.175915978
218324.975494251
128128.052837671
180197.857454751
260124.858963518
131148.127191135
78770.2475198132
271654.937707956
340766.448004581
310161.624615686
374261.798297225
107088.145908217
181925.674244081
525686.956947497
179308.39351054
252607.692162203
259718.429549124
206080.888173255
214007.503929438
159967.809115912
206542.845904076
356791.387736372
124864.217156037
76403.6966078575
214582.969457916
146670.032975597
181800.948793896
53684.3090364674
108647.032488628
59170.2394294016
170901.660429615
147581.758459467
103441.403593955
60840.5343834652
55234.2565673828
84783.2080589485
203077.221775291
169191.73097737
94539.5953446858
225587.939228493
295477.382522578
146532.598186857
244801.729648416
182089.199905752
286537.549017497
99716.5480425703
205746.52415405
62362.9372343866
114893.234591675
138543.360494339
258168.458583501
162488.92230956
64364.8751291047
356477.33232761
429667.363187183
204529.82047981
160092.173258182
234309.331445386
194805.93673753
247314.48975903
286509.661665004
141126.368748596
76889.0602692722
144749.861519151
175223.171231217
107713.238871348
152002.073826803
204468.221017869
362974.306572416
258079.724136467
89581.0125737255
146487.460570732
274481.977430252
249649.951168549
216872.55749731
146631.929145194
89338.5013141299
73367.7370498
66462.1665928079
161402.431515669
131225.032988713
314874.270155811
169170.134106899
88180.1942271206
152788.266493882
181738.036551819
148517.47285532
412006.129522154
299472.158068266
104323.075999212
118907.206324376
118280.440573128
181281.383706585
51610.7725471656
144339.402220196
60415.7366525953
53181.4280550064
102145.21538069
232779.538889426
174405.307265167
286564.94158151
232934.312161384
113448.448799712
93369.3323251396
40357.5267961883
112383.316165484
119161.28387885
104701.420562471
78369.8037858562
187784.720220945
108431.750705864
89666.6454163523
62659.979124207
69808.6845926056
114684.030354409
62753.0191521295
182695.443357306
208817.139300606
149976.408601928
130795.695707866
267649.829250135
290440.733760328
69272.6681451654
49367.0611688305
113237.345225936
85197.0033994155
156170.893017798
195317.414829998
50561.9834467386
206577.972465499
71458.8956117799
155741.363477452
89407.3625085939
101327.794197782
292339.00082025
81025.4681311102
165349.247391289
128373.753224164
159625.557842826
114425.549417649
137397.387386928
180490.215665073
123666.603716386
125379.385727169
119505.441283279
192613.774690064
108344.95440187
108916.030950653
174228.004146017
57422.1817684148
37759.0560535092
105736.303298321
113873.613740861
77964.0777048574
64278.0678920673
163447.928668712
139436.828475105
50112.4429554523
102798.259226911
57840.8971730955
372764.766586038
86501.466106474
255353.25671416
344776.526518906
182589.232722465
219876.748351411
125451.205131125
144737.920172773
295310.750757309
55000.8883875921
82181.1428593875
220600.743272107
242796.050508835
237721.085322362
116175.098496443
127863.623397744
212722.184479712
203132.050268391
79843.0782574729
129798.206163224
141598.950066026
72575.601849933
124303.399523412
102463.207770165
188449.638370633
86232.4238289605
121125.144764262
87712.2576244694
343133.57759436
447255.739123381
232673.096853103
268042.832632022
214508.637714598
156711.147799621
269968.643434443
95962.1602953007
103063.474131444
154706.343472625
172248.354799922
44742.956000502
78057.3495938086
85352.1739643199
292219.966251185
214439.338412894
515904.395531405
91723.5240645807
303493.965511716
238357.681050986
103292.695972564
181331.177904275
236293.685352684
28686.6909907011
149335.411438243
393027.108976595
160936.710419973
74549.9474910517
209165.703718238
401004.772559627
114954.699615115
135658.600228821
298198.688014863
170302.628918196
84172.6919471001
44476.083171212
70585.9687984212
83207.82488086
151788.337993306
83719.042818948
83594.1533330307
137365.77520867
343153.498071631
438921.270899939
306273.537243817
432266.746483372
143697.063058331
341244.685633925
231464.697319857
207444.225413788
407739.499974986
227182.981058304
90941.4531201651
126411.95600694
161597.530392032
288744.04318425
311503.279003069
689035.957374064
224682.314871447
516280.763737188
268164.752312724
447155.597566374
232406.501941885
76519.2212904162
315122.086341951
80047.0236097973
175725.433004448
80205.0951503375
234390.853175411
322923.452822359
189357.188751429
96108.9401428781
72069.4357476268
184059.324695011
180275.449125968
148879.097849073
149017.183320073
1018884.58032152
969050.933593513
365763.988182135
160242.358129305
158703.203750199
450251.966989178
256975.325843508
111353.685234706
266201.043124761
423228.348227868
82525.4426662025
337770.155616971
172186.909915296
159592.72711324
165119.236549261
362948.418204113
271074.809552712
118915.570010658
142589.086368782
529815.370230298
152899.357915274
282911.903961705
316613.370837905
188714.712023612
456145.612179096
110950.430754646
262197.33064632
105673.251562419
584987.90697645
380848.084405394
273242.064132617
231360.165327331
125562.841466615
129313.350068615
187878.399424369
122978.568191734
214676.866845065
55687.7855946547
347778.633528209
253718.423230821
93029.9534674538
225301.237077136
210910.349335418
264494.677326136
125662.640001771
56961.2570159155
120483.412582088
88827.1904901249
38119.1259159891
71056.1751189456
76005.3383142369
113408.597186123
313030.150115779
811081.825879213
126886.83806543
165771.355789227
105653.592819085
109076.242201511
191298.169774216
167193.079301726
59682.9205886358
84575.8739558258
260219.548678263
282160.296844567
276810.796157139
723906.690126729
1185230.88288019
1620807.16035121
648166.58276594
321373.814320724
512874.596490336
816733.737664194
472426.800796321
372819.336457601
291909.232047044
415941.168369477
271783.429504116
111888.486324005
1537926.73846015
579508.981468424
398454.642746303
163021.320759289
215186.397172155
170930.369967117
359250.967879463
679011.269502325
215224.311125841
296363.303310304
152252.630596716
488814.014222837
114665.302055336
268101.016760022
186457.823335478
63502.5303811423
175062.361511458
209436.210164233
54568.2015841762
60393.9263314457
110106.656280821
158461.457546269
391331.158500143
423906.503463338
265758.8080009
169192.849571242
243347.034782085
150325.579812356
161348.240747882
241565.096146199
170553.445838296
99015.9983605004
159671.590821359
132053.423193198
273060.39894919
47294.4051706379
201760.274407772
116393.387175312
215647.604769541
116527.321644022
388961.531924547
149180.267568859
194078.761351688
77438.1428859852
107688.70840573
175797.820726389
70055.5809509586
436125.562901209
82617.3877872067
91201.2364372034
179937.13177033
134866.205242242
178330.17620118
58711.9093067973
154033.790960451
183656.775156556
95801.2410669964
80107.3696199091
194429.637648593
165665.271115362
151336.432947336
374718.569058504
597556.79287228
162427.596531769
2671547.91050998
452796.979952213
434459.104944318
290152.248557689
282113.521585996
194950.609758628
215780.808590457
144027.081427249
118205.817541635
229956.168248171
249373.224196469
254473.028790196
299455.038854292
139430.716139323
261987.52202733
231795.72067268
68001.8377316303
69512.1509418263
230625.647252805
167550.466225997
243731.255380745
312119.338148754
213644.962732483
235306.141940006
305842.475480658
946705.477948266
493993.217009691
141068.085157192
156194.95906226
458709.716462153
703474.308208696
778061.105948791
814481.345991905
402730.936779306
416130.38893867
143818.583135588
455564.136117927
156752.086693343
147543.051308426
123996.642943963
153067.581683668
381577.60466785
206648.877068233
210985.015522728
104993.20554745
115240.322275925
86351.1417637173
127003.165567927
73448.6959906258
47640.8810596451
116651.526347663
42768.2658013956
62694.3279926196
61172.107299507
406817.424596209
302370.46189507
233566.363720028
207193.074428598
235226.003900069
142800.818372488
143316.669036315
129222.149499219
364427.552203335
239576.529618112
106826.235455031
247026.97631669
278391.220432113
142806.384337818
122940.030526579
148606.90187535
182918.965215979
579521.91363413
247932.425277269
222023.465861557
365981.60050457
213743.476175648
402719.302085815
64877.9084173763
296473.136148144
259708.692384664
109814.286966859
182407.799098061
131174.146577337
139717.707635321
166859.897331671
326825.728397101
213441.649513665
168640.856471792
146067.082988405
295201.088364663
334861.213955367
104881.898333207
185981.815513854
1289147.75120627
747542.771824393
125246.756852415
592422.349524374
1043415.1062654
645204.427086408
552768.414902481
297437.493419622
593910.759349987
412837.033780444
188372.420428856
620323.229946977
286649.11306706
192661.22944829
154355.207968309
185308.155880748
131437.357133155
399052.556271622
220314.448353001
118236.624332728
266911.136950324
313411.038465082
1011900.49307713
585891.093505046
209267.336603387
78928.7729774207
383814.602251133
164651.910219065
185516.043887647
118422.668368376
306075.953419034
160610.352139261
338269.992621854
154345.358243585
124019.677675127
335901.969840379
854506.889134549
2151470.70649043
2026422.12368818
1374235.52741691
583282.973139323
581711.056564718
1061737.68102443
1009670.57338068
7036443.40058058
2028476.11315973
3224240.39293816
2169223.25321873
1632009.6072247
701334.324706804
1346898.70675595
1610026.12343484
1371956.63018629
1070551.32632221
1392369.02858547
1170354.50906615
1131337.25723272
931044.920875774
888982.114027487
660168.91909331
425602.673112256
1321565.23807713
2657285.44143138
2616873.59212546
1161431.58979162
1511372.03708817
8881646.44546314
4571926.12891297
2657953.82177219
2337784.77024617
1913569.5062202
1038770.99087012
2151223.32006698
1225377.55911403
1198615.81762007
2741172.00205267
1419665.40520479
2982147.23511886
13113824.0276262
6002654.85701995
4879869.34900734
4672283.1018363
4648938.42758139
2509842.00541192
2901543.4806865
1263531.05900528
1045642.69054173
1729796.70204731
2904913.82116087
2057786.78689075
2456728.30712157
1526837.67382759
1704982.56586755
1170943.56723545
1005496.25431798
1379343.02389485
2020526.16063448
2931290.07876055
6541738.30562785
2147423.10010279
2273575.23343018
1432467.83390224
1563733.03977161
3521773.26859151
2529722.8604461
1585250.24579741
967576.435706374
1030911.88790897
1147240.04622475
1049893.61030808
1188291.48116689
1181956.65790646
607173.56417684
1558182.70178778
831333.475817809
364349.045634276
558006.870601661
489091.971627262
683057.643556489
310733.321046889
1022648.89429698
517772.236173589
968354.391059523
629962.477458699
480437.010101881
1246720.38893642
861426.230153885
721134.049204001
475118.661919729
321438.800265068
458747.932093646
683129.3510268
391833.253221585
308803.720475903
386671.765464116
725394.932086162
1187464.68824547
1429183.07242215
930112.643161129
6857019.92590819
1817287.767889
1332759.62152442
625395.510622364
530917.330461262
1202649.67826889
898163.825652148
903952.60385577
816532.54802843
212448.041305249
710668.970892733
269279.850178611
350971.147453878
307256.331717435
766665.105797902
374275.599394429
240931.834325107
466219.197308196
144853.780457249
283376.089673688
300495.276093099
327068.727867397
234505.583463476
255980.415993627
336588.015872787
111996.18502179
232967.104932098
219174.255554963
329642.260371109
451053.763752642
1064136.00185245
2601388.20268642
1937211.53941352
1628196.35102325
1122385.69956535
911655.578481864
603760.597847492
385776.040243163
1550407.41544126
920015.459201928
264550.133460493
676755.900533891
377787.942723001
417032.947995619
791685.242273834
734505.093700016
1022949.64418309
1260572.99526068
848288.824525394
723383.598781275
456289.42132075
693592.671195788
293524.001819117
275846.9321163
443250.104377017
655157.893707955
855759.444782142
470592.463875682
867047.326387632
905919.124583406
390519.524243252
417314.152684703
393166.13306997
384777.892785278
519650.49113886
476296.679657975
249594.089891163
497700.953319311
531516.146505018
1762528.96939613
2692222.89889986
1555050.17459429
1481047.20974092
995544.372541286
5065174.15074818
2238012.10074448
1576232.95475461
1956450.5864971
1169865.33284881
690563.84271897
1136475.09733902
1656233.16280029
1026651.80555269
1291667.86790804
1204871.89538966
807361.620109305
602812.495210705
1431531.49068362
672069.653074561
484260.937284998
460140.814079075
548103.598018711
651880.309921465
651629.429586901
336631.701781982
2379574.33767613
425301.391055173
739869.599878467
500499.293549937
729533.599820568
414902.615280684
314105.384601853
481886.397222719
888763.336596992
501081.559182955
362030.083043254
404748.482284524
718813.817954891
748765.584160594
399894.486011242
814796.79870338
734212.034901565
1729729.029053
982829.504646493
506494.73076244
350853.822129601
810675.329503028
328767.804332769
643308.82175854
1592352.4133894
953361.872323552
603912.908677378
602292.282020522
485769.424521822
977167.592752833
478338.029171351
273184.318147935
454216.619417834
222678.305262314
120698.206125727
235220.076766345
228393.991926237
304543.311832065
314957.685804019
490352.537730383
382333.302757707
511386.90001904
199955.128832766
161465.684840649
497626.394465845
203915.35410865
170387.455478912
581261.939147102
412376.394103477
305973.641127249
328803.115353105
356858.886846381
126626.230660853
167544.413186271
296393.089417365
315031.826889231
255638.198904744
252932.871907349
198748.323188569
98004.3149820143
239242.096475704
176734.369549093
275414.886718164
114994.909615133
285167.592248374
351689.07554302
253589.215107936
169242.49953624
432688.933553041
352547.757155012
255501.009956808
74916.5685509958
215641.312284209
299249.412752187
373533.733358855
305782.743497808
1252000.29190347
233154.942606913
347635.943673948
353907.501080934
140619.500505821
776850.846808728
1996194.55410799
514283.766302584
416409.362390426
537243.532864131
219377.913969839
411538.264905641
276253.894375671
576503.785574016
336942.934155686
375143.519631312
376174.221113884
509976.866610141