8057.78285714286
8060.92395
8062.38263333333
8055.475
8007.865
8069
8062.75186666667
8060.8
8028.10375
8027.33666666667
8066.30333333333
8059.44666666667
8066.95
8053.745
8054.23833333333
8063.03888888889
8055.24
8062.4221
8055.58222222222
8046.08
8065.89
8059.88842666667
8063.98
8060.33
8061.72
8059.3551
8013.36666666667
8063.96
8050.32
8060.93333333333
8060.8
8063.97
8002.655
8039.85
8060.08333333333
8058.1
8055.6
8058.60285714286
8058
8060.4
8024.51240655667
8060.43333333333
8060.4680125
8002.795
8040.3
8045.345
8043.64
8058.96
8053.12625
8063.005
8032.8
8042.86666666667
8059.5
8053.7225
8061.63666666667
7919.9
8053.398
8047.905
8062.475
8062.04
8057.79
8060.9
8063
8061.95
8037.252
8057.75994
8062.5025
8061.34166666667
8016.895
8061.95
8059.648
8061.742
8056.33326666667
8071.81
8055.73
8066.612
8051.15571428571
8063.74111111111
8059.225
8063
8061.95
7801.6
8030.23
8061.63666666667
8039.886
8046.62
8062.005
8063
8053.755
8014.15
8061.9525
8061.6
8062.58
8060.60785714286
8063.515
8061
8060.8
8060.8
8060.9
8062.41
8062.41
8050
8062.41
8034.59333333333
8062.41
8041.54
8036.575
8032.24
8046.57
8052.8994
8039.405
8060.8
7802.53928666667
8034.25
8060.26684210526
8061
7971.47428571429
8059.836
8060
8057.624
8049.25666666667
7967.7525
8059.8
8057.08
8044.17333333333
8016.37
7929.045
8016.1
8058.62666666667
8065.58
8052.62714285714
8059
8038.325
7977.15
8017.85
8057.7
8056.5272
8058.56666666667
8045.888
8057.7
8023.54
8057.08
8058.63333333333
8016.55
8057.08
8052
8057.05666666667
8051.995
8052.96
8040.685
8057.72333333333
8057.2
8057.2
7994.1169
7979.81352
8029.21
8029.21
8057.2
8058.9
8041.22
8029.22
8045.115
8028.00666666667
8057.08
8052.27666666667
8057.24
8029.22
8038.94333333333
8057.08
8057.08
8055.14697142857
8051.042
8056.6
7970.77326666667
8049.9998
8037.7
8017.82854285714
8056.885
7971.66666666667
7929.9969
8054.885
8055
8057.07666666667
8051.13
8038.6
8056.64333333333
8056.39
7804.9876
8057.07
8053.54
8057.96142142857
8051.20998571429
8056.38
8056.035
8024.575
8058.16666666667
8058.85666666667
8049.9999
8055.66
8043.125
8049.9999
8057.08
8055.94
7957.1
8056.54142857143
8059.75
8059.75
7990.9175
8052.39995
8055.94
8057.07
8048.4675
8039.58995
8055.62666666667
8057.07333333333
8057.07
8057.08
8053.32085
8022.34
8055
8054.95
8054.9
8057.07
8042.385
8038.56794285714
8054.9
8053.90666666667
8055.44223
8056.35
7996.72285714286
8055.6
8055.2525
8055.305
8007.3
8046.96666666667
8055.34
7999.692
8026.80166666667
8054.95
8054.9775
8054.964
8055.73
8057.448
8054.7
8035.64666666667
8035.8
8050.26333333333
8027.44
8047.4
8054.7
8054.33
8054.8
8054.455
8025.58
8052.98142857143
8053.3266
8054.7225
8052.21
8054.33
7989.15
8054.0266
8055.22
8031
8054.34
8056.45
8056.23333333333
8056.1
8054.27496666667
8053.9497
8056.575
8056.74666666667
8057.2
8057.2
8057.4
8041.946
8010.98
8058.11272727273
8023.96166666667
8054.34
8052.49
8045.80666666667
8059.5
8056.42
7988.3
8059.8
8059.8
8014.4
8054.34
8058.155
8057.405
8059.4
8059.055
8060.4
8049.91894736842
8054.33
8013.075
8049.675
8061.65
8057.97
8055.1404
8060.7
8056.04
7802.77636829667
8013.96
7801.2359999
8054.34
7992.6
7993.2275
8063.8
8025.945
8054.34
8054.34
8054.34
7952.055
8038.522
8054.33166666667
7996.60166666667
8054.34
8057.77666666667
8040
8065.41428571429
8059.43
8062.8
8054.33
8067.4
8054.34
8054.335
7968.2175
8063.3
7805
8052.5875
8066.8
8040.01
8031.2
8056.1509
8025.61
8054.33333333333
8050.10333333333
8020.335
8050.1175
8054.34
8065
7988.66
8046.76666666667
8054.34
8062.102
8064.9
8065
8058.2408
8058.2409
7968.32
8047.175
8066.4
7967.33666666667
8044.40833333333
8063.81
8065.56666666667
8060.2
8057.36
8055.065625
8066
8060.22
8065.23
7820.70814810462
8055.30155
8066
8027.61
8060.17
7893.66666666667
7800
8054.34
8049.87666666667
8067
8029.61
8066.6
8001.435
8066
8066
8060.27
8066.1
7988.83333333333
8060.17
8060.417475
8066
8059.9999
8010.78
8058.71428571429
8029.61
8066
7989
8066.05
8062.18
8029.61
8048
7989.1
8064.18
8030.83
8057.17
8060
8054.34
8066
8066
8062.11333333333
8057.98625
8062.05
8054.33
8060.12
7994.86666666667
8042.58
8030.82
8030.82
8058.47
8042.58
8068.6
8054.34
8054.34
7969.04333333333
8068.2
8068.15
8061.5375
8060.62
8054.34
8063.13333333333
8031
8031
8060.77
8054.33
8054.34
7989.2
8031.61
8031.61
7991.03333333333