72930578.3856027
90526111.0268245
94438093.6315749
56891672.0759434
39373957.8867043
27646764.9248421
46270025.6929904
43776187.4062433
96041564.9232514
45586442.2526529
43415404.6381392
33583432.8317965
60483386.5661826
45504469.7282639
69463874.3356072
68090523.4042218
117074067.367394
92418446.6334684
54288804.5522861
70696164.4693572
46703967.4755001
77112284.0959397
66616463.8122959
43355811.7066693
68908552.3570756
34504806.4863129
42251285.0652666
42830474.7787313
53754109.8161031
29787101.5435593
34443710.9314056
33819329.0197646
27590364.1689689
15214999.9058849
14715721.0771483
31921548.0164026
15501956.9239587
19654468.9796335
26413793.5411824
44046000.2114964
23886417.0280871
29279745.370147
29748999.6391052
31965945.2892341
29696293.715005
33480447.6073681
32188218.7197916
33945719.6431624
25125325.2629292
23338646.2985592
18293166.6708393
80750972.133394
46656868.1167603
85106326.6677182
40053108.4987545
20420580.6648302
15971201.4377031
16241742.9848004
32939156.9121533
16236914.0575396
33836646.5055643
22509859.4750336
52330748.5778629
80393455.5649491
60884369.8359126
58508958.0173381
63745229.1850247
64500008.9762737
30277551.3272062
33083117.5519469
40674249.9792893
67245528.8860779
33691816.0939354
29908612.3903259
28530488.682866
20257836.3452081
41129694.0793162
28341514.8053448
21696832.0334065
23974007.8443758
13913223.8305162
22695778.9769853
55914458.5027468
54432063.0123801
34359537.0965974
72758619.6426356
48827970.972416
28135138.299546
35914620.3648444
41632300.505253
25948625.3005408
26963267.7490201
121106282.61823
116052385.393255
83028591.9319775
43063129.4184617
94537918.4394667
137277055.733288
53269840.9102531
72804429.6442588
70329225.9159833
62020013.1871297
44457128.3416282
30260148.1135134
31706162.7390316
18491810.978034
115762880.401973
80775877.8324742
39495528.0462005
37294660.5533071
35160575.9181067
47087426.9253293
38487269.9464047
31937736.873151
44119408.8205704
43116445.8723248
35666410.6570725
18097924.5197424
31185672.100673
55942266.6959621
65475378.2238354
39594483.8587763
26631167.9252122
58098832.22431
41890872.6224021
50250785.9902733
52939582.5607415
35643875.8074592
21085219.3674162
23138497.9236147
14331279.2755823
29147108.1059891
13455737.0993803
14762191.0842262
20427575.2322265
19479933.3253535
19047258.5264655
18266275.676355
16854479.9337324
17826686.1727981
24021802.6142895
18660985.3394242
13036782.8673493
13915707.5769189
43538741.4901206
23207449.3293185
20578163.2092593
14640649.0773752
9806315.65843363
9786639.9702263
11159217.3378938
10425116.1460635
15381534.0768209
14296058.4789711
31800313.7536343
12239839.4609424
10732383.9679244
7932528.45806102
10734278.8165169
15209099.4020957
16957284.7613948
14494164.5718406
18330975.7884227
17126166.8260316
83220265.5845667
109866716.11461
48278338.1685555