7817.37226296296
7819.81142727273
7811.97040749665
7817.19595238095
7812.81844660194
7817.21476923078
7810.29445168839
7814.18076982353
7819.23223309859
7818.27503481013
7811.06293119266
7817.30340620154
7809.31913260126
7810.94480602409
7811.89311338583
7797.78358803419
7796.82001530922
7777.70900201019
7795.73412198582
7802.92834019608
7801.46664747475
7801.24078601036
7796.59126120137
7790.97636351379
7791.40616785715
7783.7304119899
7791.83452907803
7791.74061428572
7786.39512903235
7794.82069338235
7795.39723827161
7777.70985155933
7781.3597803483
7786.4353512
7763.54010961468
7787.87952289552
7803.27256390977
7809.15172727272
7807.47860215053
7807.00902195121
7811.79912608695
7806.964338408
7804.18336146068
7776.90009725694
7803.91222585186
7809.83820948571
7802.47142783334
7817.03588372094
7817.2527769697
7814.88695882888
7809.14777576315
7813.16900740477
7814.64019579894
7811.67220718902
7800.31880043482
7806.56060339805
7804.52336141303
7799.5690965
7798.31093701298
7799.40216725
7799.04237416668
7792.21653225807
7789.48640198676
7779.40126706251
7777.65170067114
7785.84610733334
7790.87807371428
7785.41018738739
7791.34433157895
7803.56284418604
7798.42511578947
7809.9055
7797.7985412844
7797.2238271605
7799.65722941176
7803.55971264368
7805.86736842105
7796.65672728497
7804.20869657143
7790.34307983194
7792.98676176471
7797.72770264517
7786.41627583892
7802.34721132075
7809.55070471697
7805.63106217948
7808.86005677966
7802.34596775806
7805.55104925373
7801.42684210526
7804.44480857143
7800.31670994152
7787.80498174604
7799.94306666667
7805.47787555556
7800.86456277372
7797.99154420601
7776.61488504267
7777.4492012199
7789.54607644999
7796.16452145544
7797.28702705882
7797.52324958678
7793.97560283688
7782.69515675675
7792.23546711408
7776.44793414545
7771.96447531007
7776.95646655462
7783.44216494846
7768.11347040816
7771.65606941958
7754.43328460573
7764.60347789116
7757.84474076087
7759.12218348052
7762.18357142857
7764.06153928571
7759.5554332967
7758.19092626262
7751.68376260241
7748.79323330431
7752.60853658536
7757.2632
7761.50666428584
7763.01855510205
7764.67063492079
7761.63346860019
7757.89969758442
7774.78041884058
7771.92418660714
7775.36088275862
7771.23182903226
7771.34461139241
7775.47476326531
7774.27667407407
7767.22172413793
7763.94823846154
7767.34102564103
7769.68476935484
7767.40272120931
7775.54511724139
7770.64750291263
7779.7748054945
7782.15851958764
7784.46823333334
7781.90756160715
7787.93703333333
7788.57118636363
7786.39364864865
7785.92585671642
7788.1731147541
7789.74037142857
7786.81189189189
7789.94620689655
7776.93059593902
7767.31144351843
7755.36656000001
7762.77075641025
7768.66095658915
7759.19581874691
7760.9732058106
7755.43132295097
7750.02325934783
7762.27918086957
7754.71619047619
7749.42642857143
7760.89048482143
7745.93882352942
7753.75753424658
7757.92025862069
7753.00779863953
7760.16162489655
7765.13814716981
7762.82787039176
7760.23772502564
7781.79597692307
7765.78735849057
7768.51424177216
7766.15095340909
7766.14584615385
7767.945
7768.825
7767.61967213115
7771.92421568627
7779.18101531532
7781.82404767441
7783.88209999999
7782.00405
7782.07395701755
7783.13517431192
7778.16036697248
7785.61759398496
7788.17215686274
7791.53893888889
7793.93261682243
7796.05604326241
7791.82874875
7784.37719016393
7793.9428125
7788.81290598291
7793.585625
7792.88870967742
7788.40765716981
7780.15256636283
7791.48977011495
7793.89097605634
7791.19567115385
7792.03659574468
7794.23060086957
7789.18355643565
7785.57580904717
7792.31566694915
7797.2920300813
7799.92062589286
7799.86837770271
7809.71824350649
7812.24717791411
7813.40395939086
7801.71026405697
7803.4774001619
7816.52757000001
7813.2525825
7821.89415106383
7819.03911168831
7798.62620856907
7806.3482295082
7806.68655714286
7786.39277279518
7802.55158241758
7811.92478217821
7804.14676793478
7801.68196619719
7808.22313137255
7807.71203539823
7803.50573125
7805.87863052632
7803.54032068966
7801.86683333334
7804.90012345679
7810.98874912281
7807.30478260869
7811.22857570094
7805.92178571429
7814.09173171429
7812.85062631579
7813.73450490196
7821.61796373627
7816.27904761905
7814.15652777778
7817.81253380282
7814.11031578947
7816.56557213114
7812.99197790698
7821.5261278481
7823.90723101605
7817.92607647059
7820.95739479167
7809.14893617021
7823.88652857143
7817.99274525806
7821.59419753086
7821.61323076923
7816.33013026316
7807.64796467066
7803.47867265625
7806.55508166666
7781.33888888875
7794.17584615384
7802.95627014926
7804.66821428572
7798.15696972476
7795.9605676259
7806.31430550457
7796.34849007463
7802.45958059334
7785.89398405282
7804.94129195402
7799.73493855422
7783.96909090909
7779.01485283784
7800.221338
7778.10131578947
7796.34606730769
7790.93051351352
7798.06048048781
7805.25073333333
7776.37123035768
7800.8883860215
7801.15551451613
7799.87180185186
7803.79805
7802.26877878787
7799.77346938775
7787.64079253333
7794.86591766154
7798.84359574469
7801.32411764706
7805.46058115942
7784.34017926652
7795.38689958064
7796.90569281632
7804.69603150685
7808.08970454545
7807.55093695093
7803.60768948
7809.89238785294
7809.960003125
7801.06077643243
7814.09076333333
7804.37131857143
7805.56513694737
7796.87102463077
7808.41581395349
7813.64034927536
7817.44848181818
7815.25738
7811.86296415094
7810.59673107273
7816.88814831461
7815.1325
7817.10848837208
7815.71416666666
7815.03958904109
7813.61934782609
7805.38548377049
7814.74870967742
7814.76
7788.42576899225
7780.89276752768
7778.92128834356
7788.44178366336
7780.5089919192
7787.77865671642
7787.863697479
7788.63234639581
7790.0986271444
7792.65076491228
7788.31071309523
7787.75923076923
7777.82922162162
7780.79263888889
7786.66754098361
7804.10747437427
7791.83779069768
7777.59550649351
7792.46816734694
7787.66963636364
7788.03565217391
7783.20606521739
7797.04765111111
7803.0202739726
7804.17236030534
7809.89423076923
7810.90187631579
7792.28358472222
7808.84494918033
7811.58657534247
7809.19951612903
7811.92567177419
7813.24573170731
7816.44167868852
7817.82503295454
7812.57281454545
7816.60924107143
7814.81627254902
7808.27634146341
7812.5925
7810.29533333334
7810.42890410959
7811.71299028169
7813.42695192308
7811.73181363636
7814.75301886792
7814.86016949152
7812.04245147561
7809.14723404255
7787.62348958333
7812.09366972477
7813.88585471698
7804.90011812
7802.64873617021
7806.35500892857
7807.11280759494
7814.46208620689
7815.9265
7807.77832641509
7802.42635135135
7810.13666666667
7813.79874639175
7812.65165517242
7804.39832820512
7803.1133018868
7806.43129629629
7802.84311216216
7801.63305172414
7800.26565789473
7798.47272727273
7800.32749999999
7791.98144551525
7797.00832379825
7793.08722555671
7797.09140624999
7810.16618166666
7785.34065602409
7767.98649720833
7783.54370845679
7781.2782511953
7774.14988156497
7787.76386996072
7782.24260273972
7779.68507971015
7778.62911875001
7779.14455371901
7780.54730338983
7773.7496293675
7760.14405794363
7758.70406975088
7744.60554
7745.5886380899
7747.65808916536
7763.2461427673
7749.71936499999
7762.30118271605
7764.38329999999
7758.06835374148
7762.23358024692
7751.30503440323
7758.13611481481
7757.22613604901
7747.2803326706
7757.94772151899
7772.88453005238
7777.58711340206
7765.4059412844
7756.62816819781
7769.50788461539
7784.79629484537
7775.96983870968
7772.24902439025
7766.30070432052
7766.16134763107
7773.16688106211
7765.94762312407
7756.67511638053
7763.41624
7741.82563949153
7745.29941092308
7751.910896
7758.13499358491
7762.71830188679
7761.90902103125
7766.69948451613
7754.56410440066
7763.02481888889
7772.95703333334
7767.12609055556
7773.99406122449
7755.84901466667
7791.94875714285
7774.88938878379
7774.750246
7761.93537037037
7753.18365570371
7788.28093174604
7755.7657378782
7759.79666592592
7778.51684216867
7784.78613461538
7764.21345960591
7753.60245097058
7754.00337521126
7759.60630615384
7759.65139619048
7755.01076267606
7743.8367917772
7767.94483554321
7762.91094813009
7762.71230012632
7746.1307852327
7752.48061996034
7773.63080360515
7769.71086885057
7763.60655011052
7768.44121901484
7761.42727524197
7783.31562785099
7775.17487087862
7767.28464655171
7758.66392307692
7755.60360540112
7758.86821304347
7767.86787356678
7764.63657124556
7738.2064828535
7748.49834420485
7764.42377609845
7759.01625846849
7754.89849057142
7756.71650093457
7765.46636923076
7792.16385301538
7760.39536854868
7754.48860479852
7756.25572431959
7749.77056212379
7754.98025294245
7744.18814979305
7728.55113283333
7729.38062121453
7735.31651338225
7730.07079519403
7748.32550888393
7742.08969538462
7752.827016
7735.96295406173
7726.28745574243
7731.10915463918
7740.20145013158
7761.63612946429
7766.86992714285
7740.90347230097
7752.77532448276
7733.96181792453
7754.81942142856
7769.61358939393
7771.69472115385
7766.88195147059
7757.39539042554
7760.90320746269
7750.63333333334
7782.17589065421
7759.84683382057
7753.49050303031
7733.09706572223
7726.05562319219
7734.59229526493
7725.248085
7724.74499036145
7726.39408133595
7720.08725713883
7708.92708225634
7716.07918932538
7707.32251707999
7702.13242988821
7706.66802068961
7690.90155805978
7694.31136241112
7688.9813578112
7690.43586942356
7677.80859239014
7662.4975087225
7675.23915165116
7686.5899857924
7677.11296616938
7667.29201743599
7665.34107361396
7685.05854887216
7702.91159508196
7716.55257095237
7689.73117135678
7691.82157114756
7704.53949462892
7703.38427378383
7706.78620351623
7718.92413926518
7702.08956897124
7710.75289655641
7705.07007351756
7705.75402523741
7706.56604651163
7716.31005169082
7696.86101942565
7703.24823892618
7696.94462266993
7700.83861462888
7701.25222222222
7710.77527173913
7714.62724055944
7705.85962601626
7708.05692320443
7702.01821428572
7699.01651559634
7703.42984758058
7690.00655585047
7712.25961075268
7723.17965259748
7731.76054191176
7710.25102764228
7725.16943629629
7721.84851366459
7722.21866797853
7710.22133468338
7699.69377612895
7702.34647281106
7711.21642478633
7704.62100945579
7687.78356811595
7698.21674378947
7711.70509613606
7720.08957666666
7696.00785135339
7699.96345038582
7703.63746666667
7699.29275481482
7700.89976428571
7709.09360963855
7701.4775172184
7703.44022677165
7700.32616165413
7691.86217065094
7713.95355577777
7707.71429693877
7693.37329105882
7708.8102516129
7704.71459189189
7706.91061546391
7706.09686925532
7702.85999523809
7710.52343731343
7712.10777545454
7713.67750184259
7715.13938052212
7734.20076696428
7717.6853125
7718.35633331944
7721.99340847458
7728.28524158415
7738.82573006993
7718.63115416666
7738.82963121387
7757.76265813953
7731.87320578512
7725.63978308823
7728.1816109489
7733.16475566037
7728.17262295082
7718.9981547619
7720.96998970873
7717.13801150475
7713.47742520833
7702.81389827448
7722.57565789474
7734.24781789473
7739.65107615385
7753.74119318216
7729.66112372882
7731.53893333334
7729.49863
7741.57884903846
7732.41828617021
7735.20231094782
7734.93384823659
7746.28481102963
7741.59663673458
7741.61946663637
7753.88208
7751.4468352518
7744.90275507247
7751.77024299065
7766.23004769762
7754.39233644869
7753.27938461539
7760.38588948975
7767.634767144
7747.98642073054
7768.44838111888
7778.64802179488
7788.05245059391
7784.39547291263
7778.19288999999
7774.56562807018
7780.07289411764
7777.44220820896
7777.26761087183
7774.99721142719
7772.83043475001
7779.58493773585
7774.39942820526
7780.02765730337
7769.81699
7780.82672020408
7791.73185647059
7777.29668765407
7781.67231428571
7776.61989591837
7771.75183486239
7766.95175416667
7778.61715679012
7787.8940886598
7779.72175921053
7765.92925119048
7766.73853142857
7768.15423535354
7773.31615655737
7772.42184673913
7770.56399230769
7768.73682264151
7766.44372409639
7763.76881637931
7755.01296476191
7762.80226346154
7775.01558088235
7767.1342425
7770
7775.32795925926
7779.30163749999
7768.41957682926
7759.02047169811
7776.10994520548
7768.643649
7767.61336633663
7770.05798107528
7762.44434678899
7775.95654867256
7784.02393829787
7792.59913555556
7754.13054464286
7767.54966263791
7780.68322083354
7781.08028028169
7778.28628865979
7774.17115862069
7786.45321744186
7784.62992278481
7786.29114339622
7775.3871779661
7776.71954307692
7765.51129814815
7777.28217391304
7769.19573170731
7777.81688817204
7772.35729230769
7748.92633611111
7766.5277993464
7753.42544303797
7765.15258243243
7780.94704387755
7768.06577567568
7766.44583387096
7765.25033964497
7771.97704363582
7746.26834954128
7737.79894788889
7743.41350304251
7758.81191489362
7760.68846635714
7776.21785401459
7761.69772243902
7776.67136884375
7768.29423674138
7765.71105056179
7764.13654957982
7745.46272826052
7753.97081752578
7779.02130744682
7782.22982892563
7777.03789603183
7778.33585570546
7774.19585365854
7786.52251
7790.04732473118
7768.515
7762.10858974359
7781.59251666666
7770.78841121494
7772.72257083334
7774.91006704545
7751.32373737373
7767.26525882354
7743.5520967742
7764.72945542169
7766.61918032787
7779.45884526315
7782.37749310345
7784.24162307692
7780.36597482014
7774.61050076259
7781.44682860357
7768.97455060224
7779.42752569445
7763.63175471698
7778.8674618421
7786.34846948936
7792.36899459459
7784.76886737589
7776.32485175439
7780.05545181819
7780.81861296297
7777.05108588235
7787.62530971992
7782.095204
7776.29724262295
7783.48481
7768.83759493671
7776.0007744186
7771.56684210526
7753.57188055555
7781.03970441176
7775.05136753247
7782.80041643836
7771.190445
7760.45714285714
7760.34693036514
7749.74326905474
7771.25493255814
7759.71035087719
7770.03872862904
7749.262496875
7746.205
7739.36032258065
7753.77133444445
7750.42208506494
7748.83205666667
7743.85947109375
7742.88482203947
7747.70899117647
7729.999675817
7738.4655
7735.94593406594
7748.95461820377
7757.91081517241
7737.74636475729
7734.74070000001
7745.38505
7748.0044741573
7730.34526984127
7735.56652597403
7749.50893766234
7762.09693879311
7764.73463999999
7764.5553635294
7751.02194767442
7767.35938811881
7770.04563717949
7759.66706447368
7740.96750619652
7759.83398909091
7754.99903225806
7755.58524302325
7752.96776352941
7750.97074533334
7740.92240428899
7754.39940776699
7745.2567562745
7743.95781747572
7742.78733961052
7747.10304253465
7741.37315628204
7729.42491165649
7732.79333672538
7725.24424835295
7718.76619021739
7735.37700148507
7728.01513888889
7723.19100000001
7714.13550232569
7721.42930851063
7716.5674166516
7711.38675564059
7731.63108340278
7726.65498781562
7722.60903037052
7726.22170421568
7725.07020370371
7718.13221663044
7737.44453790698
7738.95670173913
7733.437
7737.27104314607
7740.79538503546
7737.43484263158
7729.18024409136
7740.0161103335
7733.30612714286
7726.76037327586
7736.67340930232
7743.39521583314
7729.13775677413
7730.64044216867
7722.87389178083
7714.32591530631
7719.72691238095
7730.16718793103
7718.48639568965
7720.65572173912
7723.72724247788
7719.01889398907
7720.82131250001
7716.23763126667
7715.7755767069
7725.20227524762
7717.14863013699
7716.83308176102
7717.05314649681
7712.70767441861
7732.88592266667
7726.66972245989
7730.18332347826
7721.43004285714
7727.53969894179
7718.81148147685
7711.0784740458
7716.89808986517
7718.55314705229
7710.39664756757
7718.025
7749.19875407725
7736.62864375
7751.60392243904
7729.07144577706
7738.60462686567
7742.59972928177
7753.65316020409
7738.58090157619
7749.02119658102
7759.39036610153
7748.47123809524
7754.0812804878
7762.18634819277
7754.52703307693
7750.10263931623
7740.32505050505
7755.417903125
7747.81352941177
7750.21342765958
7738.89859516129
7746.4623
7741.55303429369
7765.35473217392
7749.12752446808
7759.20220758621
7752.84458074534
7760.16553482143
7763.14213333334
7752.74402828571
7763.06367521369
7761.5272826087
7764.40706056338
7764.15734626865
7768.70388995402
7770.97247155172
7773.02842039474
7777.06907289377
7788.80388131867
7800.4476801322
7798.38622912621
7785.26192632031
7791.61793783784
7799.63324315069
7805.7406325
7812.05422869197
7809.66582312925
7798.27279756097
7801.87273749999
7804.17012038835
7794.42848625954
7784.36196519607
7787.60416074073
7783.17262173912
7781.2825453125
7782.24569596773
7792.08011292517
7803.65707288135
7808.45951217391
7802.20561748251
7802.53830434782
7797.1893304
7785.53268790322
7785.68011317829
7792.48136754386
7792.63606865671
7792.23158979592
7778.88991509434
7789.94366621621
7783.94735064934
7778.38110813953
7795.59982714285
7782.23413010416
7784.83309807692
7776.38860531914
7794.80085984848
7786.33638421053
7788.87502516129
7792.36234782608
7801.01047256637
7790.238296
7789.23876712329
7799.30203624161
7774.07515245161
7785.69968440367
7780.69169565217
7775.65875046729
7781.39388349515
7781.09257747748
7777.6774489796
7780.29118644068
7775.1844
7780.38126878981
7769.77925269565
7770.5077922078
7770.53880001191
7779.59734166667
7777.62227522937
7774.2829765
7782.17940594059
7787.47431586207
7769.6151
7774.71111118321
7766.96261785714
7778.4197009901
7790.35067297297
7792.44644024491
7792.16503497937
7797.67629363636
7783.78578888889
7776.92423489874
7774.62519702703
7777.95780660377
7777.861775
7747.81596122083
7742.2541665236
7762.99259257425
7761.12583690476
7771.4570013793
7752.35416702198
7774.67746813186
7753.46146451613
7771.00484353742
7775.71733333334
7769.048553125
7766.49924961832
7754.74219780219
7778.4533893617
7755.53697054264
7749.87674018691
7756.50869777778
7760.91706666666
7765.11671222222
7767.77396607142
7765.20048923077
7746.99048333333
7750.78958396226
7752.82487170733
7745.79993710692
7740.98268592965
7742.58873130841
7746.02158691589
7749.63818181818
7734.30016593203
7728.84701175644
7736.1408551111
7735.28347809524
7728.6880878011
7719.00972063129
7731.41425888325
7748.17968594973
7750.16173739131
7739.22635942029
7741.1265648855
7745.16422549295
7743.37677944445
7746.80119568966
7750.66722772277
7749.02527777778
7750.42478571429
7746.65206600001
7745.05188118813
7741.95981481481
7751.50608021977
7752.29966976744
7755.12588433735
7758.53406516854
7751.22702772277
7760.64709431817
7766.51030253806
7744.61090735652
7754.1758368
7762.61928413794
7756.81317239999
7757.44766129032
7752.27565692307
7752.08368421052
7760.4156198347
7757.98309090909
7754.75784152542
7766.17780946746
7761.09683654807
7760.45151886885
7761.1423547826
7760.76668874172
7763.83656797752
7772.5617375
7771.54197697842
7765.59559483871
7773.83287394366
7764.61480294117
7762.76210158273
7766.24846788321
7765.38380066666
7769.32838113207
7764.15127226891
7785.86378605769
7771.40874726028
7768.90388653846
7763.63384897959
7772.06079928058
7767.00328358209
7770.54807363636
7745.36516310537
7764.46891666666
7766.15543859649
7767.00482447552
7778.96207661538
7776.23632803029
7783.58085106383
7785.6541060606
7801.31151029589
7799.80054979591
7803.51987578421
7814.90678550725
7810.84554025423
7806.64359699507
7802.69067579487
7810.46625316176
7807.5265365567
7786.47981910891
7805.78403813023
7803.68901515457
7803.23368610169
7799.81798856626
7789.8990317523
7800.713546875
7797.45688923809
7795.82536470588
7799.19327391976
7793.40145943312
7802.77229573395
7803.07280701477
7789.26273709092
7797.85920931251
7800.16944926624
7794.23341349039
7811.59778640625
7806.21702108911
7801.93611768707
7796.09310393162
7805.261498
7805.96650331492
7814.08902246154
7815.56049999831
7833.88470641941
7831.41692712349
7798.54606619328
7829.63614669227
7832.77963342733
7842.87897935014
7874.71001638043
7858.09337361463
7870.56087727377
7893.51464593403
7875.22058451884
7876.07352679736
7885.35511920199
7893.02025330361
7900.24486277918
7886.91721116321
7884.39422253781
7877.60796314199
7874.44242553191
7881.07698039216
7889.36233846154
7884.49822331069
7881.22981657325
7897.27107808905
7910.7895784123
7911.32798999996
7916.44164105677
7922.42964626265
7963.23085385588
7928.49577777235
7955.69512687937
7951.53127436764
7951.53999519419
7955.67568810812
7939.5285744488
7931.35861376909
7937.60163245617
7961.73474630975
7959.07462944334
7977.92509241978
8018.76193582892
8030.94911207792
8032.71985929415
8037.33909572893
8019.99276310507
7997.39447483802
7998.91435376058
8011.14757532085
8005.39028298118
8002.69092190596
8022.58450398809
8036.12222165832
8025.34421376316
8027.21885890507
8030.67467763014
8017.22751909908
8017.26311006711
8011.39064599998
7995.50847322323
7972.64557587683
7946.98476425712
7934.53347788836
7958.12723141902
7971.91898758052
7981.28882778534
8015.35570183717
8025.27119532951
8035.43479262437
8020.33778118269
8010.60551234309
7997.40473152663
7997.19370028044
8023.26474310328
8027.3451880326
8007.96217828427
8029.95338673163
8027.07066685314
8022.94020170805
8026.08095882353
8020.25000553192
8026.72325000001
8013.446062
8010.7560325629
7989.23351415094
7986.51848284609
7986.6888120482
7988.15398274112
7989.19966476473
7996.04935158732
7999.04525015773
8002.94283150182
7988.91338691823
7997.98026647727
7966.10298821659
7998.49016509044
7987.45979120946
7996.73930144927
7992.19612370455
7978.81971757102
7984.07734558303
7977.4359484163
7958.28574841209
7938.45498355929
7947.63720837815
7964.51147288249
7957.04131182266
7971.4878848045
7981.24152456689
7987.67523343751
7975.1161654406
7960.64696748467
7972.72787509053
7981.29280429438
7974.39780625166
7982.03423126277
7989.09708615385
7984.21592205882
7977.96500604027
7983.84673968254
7977.22348558559
7974.55341880342
7978.43426136363
7977.81430189873
7972.45286124031
7981.90647878788
7978.25620178572
7956.4551877
7973.66751030509
7965.04631616923
7958.86744420588
7972.74075084422
7987.41402859679
7999.36833115538
8021.77203643867
8014.92015310198
8014.16333572364
8031.72501495327
8032.09614471053
8035.00851050419
8028.87506693768
8017.6046313984
8007.91042421875
8021.76740454545
8006.98721517856
8016.6390377048
8023.59586666658
8007.94758494994
8043.21046007422
8032.25593637397
8034.25334727795
8019.95722247497
8027.90438892192
8034.98580109889
8032.37231450777
8030.67834775281
8034.06863826531
8027.15087872339
8026.83019457014
8027.62080404041
8031.53737601477
8036.23445732088
8036.85579272727
8022.50747142857
7992.61873138075
8028.33481791888
8018.10976875463
8027.85918267147
8022.41808379091
8031.49046577778
8036.56766913581
8048.01029874329
8060.8209779586
8060.26106803457
8059.71516686305
8063.03372107971
8078.25120625083
8083.28111829525
8096.65728404185
8086.10756220341
8091.60685473442
8087.59786273886
8078.28179308856
8074.44684021879
8064.625322564
8078.65687772276
8081.05368146532
8082.72393855498
8073.24117968127
8081.01398764113
8076.83670440355
8055.87323299656
8066.46920530865
8073.52342480342
8079.71277249074
8071.32025408164
8087.65847751478
8084.71869869794
8075.70597723219
8066.73039927015
8070.95767965116
8074.38466401514
8078.65618994044
8080.22026958332
8076.06138177339
8060.17646135457
8062.05390625681
8061.87336219513
8064.8225
8073.78495192417
8059.32482652985
8037.81658969653
8064.8413369863
8046.01473159571
8030.09219076609
8016.92976612356
8027.75413773331
7993.94748020828
8026.41694386527
8033.69464407582
8021.99024591587
8023.45557988489
8012.48297812601
8018.66090166672
8019.68590277282
8046.10591493213
8038.38496314199
8049.54893573627
8040.8449173913
8044.33349789474
8015.15364418158
8034.58757343749
8030.15871194565
8037.3537373494
8050.01502916667
8047.81080220588
8058.22549084967
8053.55982380953
8051.20907090909
8038.69513464567
8046.56762565741
8043.63867314372
8049.0390765
8020.46118738461
8046.71379635037
8033.34191840559
8040.16769569051
8052.6588900462
8047.98215974194
8038.50612030075
8039.80127343749
8039.4520875817
8046.55063249999
8035.71741739495
8037.27190256409
8019.34180496317
8045.98385
8052.6687125
8043.53484126984
8057.36140845069
8057.08838172042
8053.45628951049
8059.53238454545
8061.48645070423
8064.66923611111
8064.68402985075
8065.5157
8061.91008192771
8046.62706777777
8046.39453557017
8050.85405833332
8049.00145941164
8050.09560319133
8047.29331299212
8044.1114459854
8035.30022039474
8017.75424406906
8028.79058239437
8021.20881134047
8026.38322763819
8020.78482682927
8021.61075094346
8026.15461496599
8021.29614651164
8020.14236346154
8015.7656449198
8017.19476666668
8017.11073142858
8025.38857948719
8014.50912222223
8016.40370147784