27084639.9878399
39227476.2329599
15168918.8893535
11874422.497399
14590796.4372937
22265581.2681091
7485828.6385573
20261811.8309911
16203956.3354403
32480214.4855863
15658086.1359531
50177740.5474103
16802472.9322173
18544227.1869948
117481125.724406
28072366.929301
14669232.2511012
21771320.4088222
15000237.7962652
7657525.97439542
16811778.6273765
14740948.5199982
9747950.11988301
32549099.7867931
12791267.0004139
71214248.2363015
34866030.1852502
17128757.0489662
14935202.745374
11893015.9252396
19945282.6456901
21885510.2391315
34072936.1346254
24700077.4718291
10472519.8509372
26370789.4616255
24629624.2448997
17568004.4664878
12997294.5204924
20339487.9631683
22745544.1087433
17873074.0448007
8382223.02436602
17452091.2855227
23695394.8872309
11109382.1865899
13275972.0195206
12760239.360345
12615659.1528613
11362170.4156691
29095638.5939672
33392615.2535829
19207236.2849816
34597497.1710853
22382442.2996294
15929048.3053692
15943580.1689759
41232443.095866
65545480.9844273
48773267.6428345
48027022.8488484
42537567.6309063
19659083.0479726
26248134.1952928
39317942.018156
47500189.9367687
24120372.6551224
42682707.058765
29804368.9311647
53557796.0820566
89098830.6263967
59456085.2729557
27526678.1443396
22109572.292874
20521431.0396185
31481035.3556663
12257717.7812839
15427188.2281493
25454002.085243
11728417.8832832
17767285.8419293
26024765.4960292
23353541.173301
19403715.000879
20507388.0351143
29333893.055568
12044769.6556572
12318383.5421046
16771250.558611
43507351.0302668
57913485.341751
29747511.2869814
15218931.0532409
13686359.543306
48439741.8387599
26040943.8958732
34725661.164086
16662790.3551422
17996809.2081716
11565804.5085691
14995107.2886996
22956197.4869907
13361722.2628683
17058228.4281527
21766705.2373559
25319232.9401058
13510932.904173
14609727.075436
24356948.7330835
22341559.5794862
14894585.6925053
14179550.8670072
21011336.6329439
30806906.2120206
23412977.2186963
13920641.9373622
28359870.5191159
12972048.8770119
15237636.3151834
10699021.768173
16349453.341529
10062694.8637821
11332485.2320436
12321354.1377992
7732298.16561415
5898875.96320057
15055020.8510759
10183723.5062079
44586345.1178
47828524.9453297
37296059.539538
26115192.7296041
19103661.2740449
18147466.9528329
13082305.3330731
32301426.4691916
26405470.8925105
21176143.067205
23081155.7533613
28749918.3738167
10062900.2790521
35496046.4395833
20623674.8155401
11407612.2743419
12250425.8901688
10403476.1106963
29007115.7506677
18250056.1033867
14108704.1199516
8460138.7124657
13557069.0793302
15490753.8289648
12493605.4907284
31913280.2860607
39794983.1630238
28265598.2240768
18485890.3057617
14280608.1516936
14702672.9731261
28686683.2255698
15405066.4915897
12980660.9518596
13242656.1696191
12116408.4607207
6922087.01876591
17838342.8968103
12560184.6551588
14819127.6019861
16294129.5228766
11026502.7048057
10042886.8527711
3911032.7481432
7553010.52132327
5890109.75755392
6589158.68432172
13105868.1324429
31867177.3409025
18673292.5278694
14356586.3694453
13681078.767366
12557917.2976733
7360103.77725394
8882842.43942005
8867114.70259909
13983430.7168156
10368095.9816729
7149343.58000794
5366313.08276754
5882253.45068434
6226170.21164338
28057262.9185098
46023446.2752304
48865130.242371
51914435.3094635
42038357.9360335
41890132.1782111
59593428.7044909
35770189.1142405
7914192.09097952
12347355.2584981
35537264.5191917
15363382.2437501
14290556.4411999
10458653.7292335
75814510.3227195
43406205.2626817
20568365.7752905
11668662.1343229
55982466.7309902
143930282.082423
46490046.3627588
32671006.3590749
25715643.2296593
25172277.3642154
18812831.2392593
11275761.049935
19453900.5913641
16951559.1155399
10454809.4198655
8318657.32004027
16535781.2307754
10171666.1231568
14835101.0939028
23833818.4626635
18761717.9246088
19642106.7995015
17534765.3245393
44008842.0475201
31078149.3661295
14006425.331591
14060892.2072103
15368728.1327286
17669614.3577894
9333195.72936879
8181068.6720909
8866515.04397648
13927756.3275775
15560180.8725979
8375922.57890513
7878478.31763814
6432974.35035112
5795849.39459774
10391951.6501076
12641977.0666753
9897745.56634069
10127135.9452288
11393856.0963793
10396753.4379008
28470377.4653574
19063936.0125655
47533608.7348261
92895622.5471979
43963760.9826324
34274599.6347375
29504827.9132525
18676941.3221608
27893570.1913119
15661506.5459684
18438803.6222528
22764421.3258483
34797571.7458787
32903976.9031409
16352223.4571919
10786973.0353663
20712403.4988184
36376009.9765661
12815650.415238
9816935.99237579
16563151.1363179
26075609.3806683
51497631.6865257
43248041.8602932
45819317.9037053
47947812.473793
34615810.9061479
30049056.4680745
23135719.5227707
62361865.7284989
30274514.988401
24389080.0879281
20686058.7424004
37248285.1499378
19127183.6702542
47326443.5285845
53475953.1389348
82120989.3756166
78565373.8362902
53080637.3179604
29027335.6507038
29568381.0789911
26292324.2961649
51122467.5554778
46073713.6138785
27170443.3236306
41078442.1639281
100078244.355266
225619393.080024
95264358.0678712
91690081.8451195
62221344.2497875
41283485.1386608
47114361.1112067
47246640.9053648
47028076.6404925
38530546.6085344
57903411.9419216
19765124.1124063
22790066.2353918
28894912.0790414
28396689.6479773
24857208.5848743
15412352.6620342
78022214.1521723
44009152.0064055
24715028.789144
27323561.6185036
46289549.8725451
50405811.0500834
56829035.3680258
35109903.4460427
55521100.8104708
26492694.7402595
48035289.378778
51055004.8249361
35320053.6923967
40183713.2039347
28684732.1262295
22217443.3864954
29198035.1134951
36955826.7785953
76761355.4802571
31085332.6189841
16497009.7439671
48715809.6975719
44420425.4511785
31047734.3940812
18127860.3153439
20968327.4329744
11555433.6734763
13112783.789525
19459146.0731417
7642480.99489213
11459038.3941601
18785981.5273907
15385290.4838914
20467711.6993333
51593816.8243821
35128260.6839011
18676941.7184454
44536362.6928552
24400053.7513506
12768051.2593184
28398045.517788
65487158.6021248
19521576.3405344
29270752.4437557
25455040.716086
32496479.6509368
18694036.7338425
12760776.5832036
13388916.6777024
8577869.64557878
15959255.7565457
14593596.3166091
28314361.4587112
7888003.57375234
14156531.4699115
12573306.3888459
66954084.0601875
41111828.3459361
30576148.3427863
40168745.3933557
30259653.7613125
22743806.0364937
17208364.0224118
18556373.4642799
17728539.2151136
25974033.9975566
82492046.0108374
42506349.9262732
43091557.0537323
35166074.7614939
20409144.9931149
20825405.5094459
62188763.3977635
68497332.0001843
46272658.8981851
36954261.5631499
19942859.2996544
25334846.6987578
20983623.8532269
18667704.8328904
23550540.5660731
36460326.0712851
22372727.6981724
36287495.8388755
35474127.9830921
55998693.7472277
81354102.8772869
55614101.0410936
63925475.9486915
49806103.0575009
26041591.1766849
47684385.3995007
50473790.6760243
38004793.1740468
26470963.1066605
19045689.2684552
23385249.8051321
20387779.4522657
31383155.7818188
21364481.1463799
12641271.8256668
14938045.9018778
16433868.7255086
13750842.8632089
13020202.1295824
28371615.817982
50940829.5163523
40862032.0257027
22892979.886816
22979266.8136957
27546209.9691024
25543800.3813427
29482559.3316504
29026271.4544109
23394016.0735796
12822027.6021207
23620257.1871958
17167732.1360429
83268744.6212578
29361836.6448699
34239610.8242158
25787725.2978072
23400525.7844831
27525279.3741077
21484609.2854319
13506240.2427065
14497641.2520799
8273545.38131321
37139512.6578089
40803796.7689722
26202205.5789088
32314338.4539601
26025228.1578403
35780343.4150502
280348534.062203
273794912.247695
117501379.458776
88882415.4393269
41712159.3563672
60167979.1852499
48062882.6908115
41934335.2865167
35400402.8234229
30711954.2711357
30064113.6475368
20961676.0861296
34357508.8802698
18843563.5352816
15409401.4899308
68297233.5259147
41941514.3938458
22767691.9203621
50999914.9630335
51625012.5042175
28084855.5214664
30053955.1674458
33103714.8930231
22276983.8031502
20828490.7352248
28648984.6418694
25321803.5853149
19313331.2978972
36451518.6456674
27928732.7594129
33997843.0130075
50622920.8520691
30755155.8727096
21422959.5619221
17529745.315072
14908615.8792039
24595109.3557844
21085669.6530386
23813355.4392022
16497743.7616501
31172930.5564695
22908299.927457
133657755.255189
113093378.773015
80016748.2635478
54558851.658697
47670372.0269868
56687939.3251824
71053077.2911828
129032111.338208
94685171.0948129
84748701.2396275
75126722.3566289
70921521.5161666
38484712.0233562
34471014.8009262
39353129.254618
26726137.5107564
19245631.7665547
15514023.7730047
25634962.0248588
11171746.5672371
26392703.6349434
16479899.7457768
15849040.1496193
25354832.7670516
44847524.01553
95927214.486416
96479155.3888218
52154612.3040345
53298285.045407
47999178.5639303
34817511.0721999
61881407.3052517
70531853.1117982
44814895.3135218
45039375.2210452
35453273.4592578
30365643.9169635
27716597.9714086
36989690.4375739
50532386.663304
94841222.0633767
70291575.8593943
161940083.000371
152084568.552339
255744010.131015
152551340.733271
92796486.5016006
62478016.127386
79727471.0457636
62071596.4147948
94550421.8772161
51149466.0430283
55743010.5168914
42543743.5126477
39048730.6797956
43675866.5417314
56596373.650334
43042575.837189
72930578.3856027
90526111.0268245
94438093.6315749
56891672.0759434
39373957.8867043
27646764.9248421
46270025.6929904
43776187.4062433
96041564.9232514
45586442.2526529
43415404.6381392
33583432.8317965
60483386.5661826
45504469.7282639
69463874.3356072
68090523.4042218
117074067.367394
92418446.6334684
54288804.5522861
70696164.4693572
46703967.4755001
77112284.0959397
66616463.8122959
43355811.7066693
68908552.3570756
34504806.4863129
42251285.0652666
42830474.7787313
53754109.816103
29787101.5435593
34443710.9314056
33819329.0197646
27590364.1689689
15214999.9058849
14715721.0771483
31921548.0164026
15501956.9239587
19654468.9796335
26413793.5411824
44046000.2114964
23886417.0280871
29279745.3701469
29748999.6391052
31965945.2892341
29696293.715005
33480447.6073681
32188218.7197916
33945719.6431624
25125325.2629292
23338646.2985592
18293166.6708393
80750972.133394
46656868.1167603
85106326.6677182
40053108.4987546
20420580.6648302
15971201.4377031
16241742.9848004
32939156.9121533
16236914.0575396
33836646.5055643
22509859.4750336
52330748.5778629
80393455.5649491
60884369.8359125
58508958.0173381
63745229.1850247
64500008.9762737
30277551.3272062
33083117.5519469
40674249.9792893
67245528.8860779
33691816.0939354
29908612.3903259
28530488.682866
20257836.3452081
41129694.0793162
28341514.8053448
21696832.0334065
23974007.8443758
13913223.8305162
22695778.9769853
55914458.5027468
54432063.0123801
34359537.0965973
72758619.6426356
48827970.972416
28135138.299546
35914620.3648444
41632300.505253
25948625.3005408
26963267.7490201
121106282.61823
116052385.393255
83028591.9319775
43063129.4184617
94537918.4394667
137277055.733288
53269840.9102531
72804429.6442588
70329225.9159833
62020013.1871297
44457128.3416282
30260148.1135134
31706162.7390316
18491810.978034
115762880.401973
80775877.8324742
39495528.0462005
37294660.5533071
35160575.9181067
47087426.9253293
38487269.9464047
31937736.873151
44119408.8205704
43116445.8723248
35666410.6570725
18097924.5197424
31185672.100673
55942266.6959621
65475378.2238354
39594483.8587763
26631167.9252122
58098832.22431
41890872.6224021
50250785.9902733
52939582.5607415
35643875.8074592
21085219.3674162
23138497.9236147
14331279.2755823
29147108.1059891
13455737.0993803
14762191.0842262
20427575.2322265
19479933.3253535
19047258.5264655
18266275.676355
16854479.9337324
17826686.1727981
24021802.6142895
18660985.3394242
13036782.8673493
13915707.5769189
43538741.4901206
23207449.3293185
20578163.2092593
14640649.0773752
9806315.65843363
9786639.9702263
11159217.3378938
10425116.1460635
15381534.0768209
14296058.4789711
31800313.7536343
12239839.4609424
10732383.9679244
7932528.45806102
10734278.8165169
15209099.4020957
16957284.7613948
14494164.5718406
18330975.7884227
17126166.8260316
83220265.5845667
109866716.11461
48278338.1685555
56043758.8578706
24091345.8559
30103317.9824113
18560711.9571295
15079088.5080169
19361005.998391